100
30

32515 27993 62447 53169 7791 45596 39788 64313 32164 21708 54003 24775 35975 46287 18480 52841 52392 25900 20556 15702 32827 44539 13401 11322 38106 52341 9499 19693 481 15443
49587 11732 55930 47189 47080 33147 38161 60729 14745 29824 52944 17143 19163 53008 17363 41452 40778 7469 11036 25267 7806 62424 37349 57773 70228 57381 51550 59894 40432 63329
18380 17377 33300 34665 4035 33498 29304 39543 23056 18292 29021 18349 23382 27699 13800 29980 34976 18092 16623 15903 25769 26826 14630 1917 17808 30008 3430 3372 7048 1894
43159 37380 10126 32877 57578 41617 16076 16537 31549 66116 7234 49650 23819 24068 43916 10754 30503 35592 40182 54405 40094 37941 58039 71510 53120 17958 57401 75268 65689 70931
21987 7878 23089 17338 18798 11662 20142 28800 7959 9041 22819 3559 11151 21638 9782 22214 16573 6116 7610 7881 4758 31436 10658 19381 26803 24236 19433 28154 16711 25037
35626 67760 72189 104065 76009 112727 46992 84889 68511 105652 50333 103152 66733 32429 70349 74546 96493 69064 66283 93676 79582 15108 105338 80474 37258 35556 77059 86267 87632 84302
11197 7149 5351 1330 12838 2955 7510 6377 6175 10728 7788 7756 4318 8704 8211 4793 1106 5972 6817 10927 4658 13846 10538 14801 15580 10371 14198 17400 12928 14692
14063 10279 2659 9886 20138 13171 5947 6215 9738 21333 4584 16436 7837 9188 13322 2022 9237 10992 12393 21610 11025 15823 21731 28094 19817 6555 20927 26994 22390 22866
18996 19732 18377 29966 40062 34953 1993 31974 17176 45452 11524 32288 14889 5913 24743 19764 28677 19971 23792 39125 25884 19850 45655 47262 29070 9578 39620 51006 39499 44098
39152 14398 29209 19530 42461 16744 29288 39774 12073 33959 37851 19091 9771 37943 18238 25304 19179 10393 14504 27769 4703 50942 31380 47797 53599 37679 39779 59992 42170 52619
59727 31062 55632 47696 38334 35832 52161 72071 30785 2069 56094 11989 38687 64735 29161 58170 47332 29681 25123 11539 23778 71545 10962 35327 66238 64817 36576 50655 27043 39359
23803 2254 26101 27519 27238 23862 18092 36868 1374 24446 25586 17493 6034 21986 7874 22378 25834 4202 6041 19993 10267 33596 24122 35744 29578 26614 26762 42087 24960 34779
32870 28590 54587 47866 10293 41125 42902 56903 30520 22214 50562 24847 36186 46311 23217 55607 47138 29505 22240 14477 32290 50247 14170 7852 36215 46558 10808 15281 4487 12302
28267 13613 21712 11829 22986 6079 21573 22556 14299 9968 26038 8782 12686 26718 14460 19667 12370 11839 14673 12424 9507 31615 13079 22664 30554 29159 20694 29692 20486 24851
14708 6863 14479 13229 11338 9833 15271 16600 7083 3567 15480 306 7872 15733 6196 13420 12036 5774 5909 3417 5114 17369 4842 13000 16049 17862 11540 14976 8251 13891
87601 48495 45099 16366 81767 5851 59559 51523 41215 52675 69973 44207 36041 77039 51586 46285 15812 43039 44107 54389 25447 83575 68229 88233 96875 71094 90529 107949 73078 97378
10243 26916 31239 51431 35911 46431 20619 43158 32850 50875 24925 40015 30026 13054 31878 35883 50262 35139 30924 47938 35098 1866 45995 40597 13000 17088 35845 39043 40770 37393
8787 2815 6265 3849 8482 3231 6210 7300 2298 6459 7243 3502 2033 7057 4271 4968 4113 2088 2797 5526 761 8836 5884 9926 9067 7263 9181 11080 8345 10504
36628 21269 36879 27695 24581 20643 34017 42307 23208 1405 39038 6444 22158 38355 19280 39793 31464 16452 16245 7625 16381 46836 7758 22442 37110 43470 24308 29950 18320 26644
61928 32835 48677 35936 46128 21554 57284 60857 33165 20070 63540 15625 33072 58200 31385 49527 34801 27118 33326 25220 20869 74136 32441 62815 67295 63366 54705 69607 44863 58020
9195 22043 46917 55914 28948 52533 20708 59016 23582 45951 34789 38192 25778 20805 17777 41713 51574 25188 23548 40480 31330 21530 44567 35945 18021 31001 26784 38701 30638 33063
10704 5936 5810 1852 11346 1372 7243 6136 5935 8114 8059 7031 4723 10039 7116 5077 1764 4939 6510 9152 3856 13868 9971 13966 15241 9112 12730 16013 10091 14641
56765 43415 18288 8200 70053 23412 40803 17166 35931 58638 32768 47332 32373 50980 47733 16280 8726 34458 43497 62027 32829 66814 62420 82453 68905 45741 69958 88564 71234 88530
16783 10876 32973 28932 5074 26046 22168 39554 15644 14742 27262 13454 15565 24950 6774 26242 26564 12204 10702 8072 18023 22775 10452 10662 21005 25253 6408 13003 4348 12482
13426 5988 10728 6889 10969 4399 9505 12737 5636 5596 13118 3313 5263 12218 6646 10550 7539 4296 5361 6087 2678 14452 6359 13362 13965 14833 10478 16239 8769 15392
9715 3840 10176 7108 7407 5988 9639 11410 4334 3419 11127 1134 5352 10744 4880 10346 7558 3631 3884 3674 2902 11707 4410 10091 13464 12415 7638 10006 5850 11053
45772 22528 25936 25661 55410 26158 25368 33024 17329 47819 33312 37220 9719 31785 34765 17224 24113 18689 26596 48551 17234 47126 60380 70822 55816 32741 57872 84894 56343 80453
1971 1391 3723 3993 1171 4155 2657 5180 1700 2560 3442 2206 2424 2777 785 3753 4477 1724 1283 1631 2088 3328 2191 1905 2500 3702 1067 2413 1257 1965
5796 39962 59545 74425 33092 74739 34653 70957 42944 61824 50297 54303 41444 25286 34401 58328 72706 47109 36156 49059 55339 20323 59958 42038 5968 41393 33386 43433 48059 36001
18938 17192 8598 20180 32768 27412 6497 14007 15904 38009 903 26753 14894 9062 20198 7964 20572 21774 21840 32195 19362 18161 38286 34785 23568 6529 29995 40639 33997 35878
73039 55273 8741 31412 98738 55945 41092 5490 56113 88532 32600 76056 41415 46479 63648 14893 33577 50238 60073 78688 54902 77502 99047 123638 92610 42338 88294 120063 102209 115928
42185 12711 36082 30308 33561 21156 33326 46805 12447 21773 39408 9875 13809 37495 14805 35011 26840 9368 12490 18620 5216 50161 25618 37288 47151 45907 34405 48269 32033 44432
101860 56644 79455 62806 70999 38060 75227 99869 48970 25761 104538 25096 53934 85684 60692 83852 59258 46122 54458 38921 40940 102827 38125 80189 95526 102253 74091 92903 57895 85710
62468 31886 66115 57598 35137 36221 56110 78630 35188 1127 67503 12793 36066 67457 31309 62087 51456 31516 33280 13714 32492 70392 9905 38273 67632 67505 39022 50138 25430 49460
48256 48260 92281 87693 13230 92080 71925 115014 56215 54697 78662 51565 68281 65579 39996 91758 81287 53336 41858 41874 54363 63357 42121 7549 47844 83334 10416 8386 19490 1906
16265 20031 57459 55795 17375 59032 33571 65337 28587 41070 44374 32645 34597 33683 16910 51786 56590 28231 19679 33811 33654 36215 39031 28235 21059 40112 16906 32487 22972 25051
31556 41864 78002 79334 13279 82271 58718 91466 51811 49101 68965 50832 52667 57983 35153 83786 81916 53186 40941 38630 52255 49805 41376 18828 28984 60151 9739 15571 25449 11812
28564 23127 14580 30806 48587 35541 6469 24852 19541 54180 9077 42194 18252 13415 31260 13256 27929 24150 26598 51791 27692 27796 57203 53978 42780 13232 49422 57347 52883 53785
3602 4416 7774 7927 1117 8012 5038 8385 4893 4344 6690 4802 5044 5442 3645 8074 7791 4271 3626 3609 5059 5628 3667 1471 3551 7042 833 1155 1739 747
29209 23439 6623 21406 38952 25703 9616 14066 19905 45373 9616 34402 14446 15808 25494 4812 19273 23131 23653 37345 22643 25940 41402 47435 34754 15923 39927 56909 40497 52021
27264 56690 88105 109193 29307 90240 61537 112586 59758 74041 81285 67135 70296 53115 48234 88665 105785 60450 53326 65309 69205 48546 68855 39122 20072 69663 25539 32237 40986 30818
63099 29837 84973 78637 31016 63070 64960 105550 37463 32336 89014 21551 44672 75488 18022 73780 71006 31565 19051 13589 31703 74468 20337 43551 60774 82379 34451 48521 19737 50319
9346 22307 34984 40554 12580 42283 22905 48112 22820 36113 29300 30783 27678 24237 17399 36826 46300 26021 21351 26500 29079 17825 28346 17440 8277 25152 13502 16368 18283 14988
87151 55195 33388 569 108235 22776 52579 33298 45944 77853 52933 65181 42134 70408 68283 36189 2484 50612 56399 79084 42843 94858 91550 122370 97618 72194 112846 132029 103327 112004
68534 45061 13734 14101 76864 32067 35513 11788 43321 70861 32595 51345 32387 50950 57937 17262 15461 37441 53179 66909 36643 69117 63290 86724 75465 44415 81637 93461 69581 85554
5802 7142 15418 18035 11962 18791 7971 22577 7283 18136 12476 15187 9715 7260 6559 16198 20448 8919 8078 14666 13452 10229 18249 18710 10292 10448 12926 20741 13769 17546
4581 24216 36999 47077 24668 50561 22838 47004 23793 39822 26783 33201 28027 15970 23202 37502 49292 25804 28657 32007 36500 9728 36238 26938 3425 20879 24782 31300 28254 26790
57575 33133 85403 79125 18366 66280 71321 112106 47634 30959 81681 32333 46544 68573 26023 76847 85801 39798 28925 16083 49363 72679 22194 22034 57424 80361 19579 33711 5868 27377
51041 53941 95470 100457 19518 83130 68402 99439 63894 59223 77029 59922 62150 74217 45058 91695 85700 60073 50304 42307 70943 67474 39126 11344 47263 87877 20113 2556 27776 8486
28181 30054 35628 48268 55167 54988 3103 44771 29923 77172 15642 54091 30104 9492 40941 30599 46589 36716 32966 67217 45491 32001 66924 73969 44189 16592 55754 84576 66020 70972
2733 1113 1893 1274 2273 656 2099 2170 1250 1022 2431 719 1266 2744 1266 1864 1138 974 1272 1196 627 3283 1439 2509 2792 2548 2384 2993 1870 2933
19518 12920 33511 29211 7307 25269 24046 35879 14540 10682 30331 10006 20734 29414 10287 33121 32444 14939 11824 6036 14706 28162 6078 10145 22037 27694 8945 15339 3151 11552
2869 13855 17017 21165 12809 21111 11228 20504 13862 18961 12073 19064 15251 7423 13243 16443 23880 13194 14490 15786 17041 4158 20895 15751 1974 10908 13160 13233 13946 12573
12400 21865 23391 33631 28912 39232 15848 29004 23873 40059 18335 29991 22110 12058 26066 27034 33911 23349 25974 31507 29565 5401 32035 29674 11307 12983 27743 31374 27904 27557
26340 2946 22489 21060 27087 19902 19564 28272 2234 22041 26699 14480 5260 24748 7552 19266 20336 1686 4509 18217 6687 32636 21585 33046 32197 26504 26926 35827 20821 34650
17415 7520 16891 14893 13633 10725 15259 23534 9423 5548 20243 1378 10446 19454 9130 18569 13050 7246 6628 5831 5112 24640 6790 14778 20295 19761 13956 18150 11266 18409
4237 2628 6210 6190 1865 5497 4929 8026 3242 2165 6395 2185 3668 5462 1818 6358 6040 2710 2168 928 2963 5761 1262 2146 5276 5803 1836 3479 945 3045
46163 11407 55635 51495 37726 43845 46607 63772 14844 32074 53382 17665 22133 54566 10881 51190 54285 9792 5543 22670 15307 70748 33390 55525 63021 59302 45561 61129 38123 52073
55694 25916 56904 42214 39207 26315 46897 62611 25813 10916 52658 6568 28021 50433 27673 52671 36072 19617 23940 14864 17333 71631 18428 46360 66879 61122 45005 50551 28997 45562
1000 1081 2008 2277 68 2013 1477 2678 1189 965 1812 1044 1201 1429 732 2108 2307 1207 958 796 1245 1711 787 286 1227 1680 71 475 276 338
12153 4362 21616 21415 9544 19955 14888 26792 6306 14217 20988 9377 9227 17489 901 18766 22454 6429 3303 8997 10380 17724 12494 13695 15490 18048 11887 18554 9622 14476
36075 50564 27696 56399 76754 64096 15411 41344 38007 89030 8924 65186 43929 17224 48524 28080 50242 50382 48784 69165 57556 26695 82066 88267 52288 5853 74979 91373 66954 86049
35597 6262 34950 39468 44357 40649 24296 45782 2234 47299 36112 28189 7368 28312 14427 32630 34496 9163 13254 38667 16249 41893 47193 49981 48627 35708 39920 56164 42061 56487
24320 41157 46134 65631 56966 78181 14051 60871 39415 83720 24638 73513 41649 3333 45455 38647 62300 46240 39022 63690 54054 17217 68772 77593 38123 16995 66757 80490 69372 64792
28376 12156 11594 16064 29566 19391 11723 20241 9451 34669 14065 22355 5803 19728 17186 11123 14842 12735 15695 27711 12351 28054 31704 39212 29384 19907 31152 42503 33376 37818
56082 36117 80402 82382 22548 72735 71441 112764 42605 24429 93146 26201 50190 73326 32673 87293 84006 42515 36936 14989 48115 87967 14817 27426 65578 90039 23400 35059 9398 31946
5787 11239 11602 17199 16380 19589 5187 16646 10951 20286 6129 19947 11357 1580 12364 12433 19303 12468 12526 19610 15211 3145 21506 21960 8755 3600 18030 19252 17224 20922
26477 42627 66620 76765 12946 79676 47478 78297 45036 48951 70474 47248 50211 52501 34472 71786 73361 40638 33819 42181 50386 47769 40736 23024 22801 64072 11770 17564 24452 13306
4439 1020 5793 5195 3533 4722 4806 8182 1632 3315 5281 2219 2269 4536 488 5078 5155 1234 457 2318 2105 5813 3521 5034 5420 6425 4031 5323 3061 4718
68990 36016 62866 48831 47309 37920 67103 75841 36261 13158 70668 15358 43072 68576 35698 63078 45163 36444 33747 24252 26821 80688 23928 53403 86124 76828 48952 70597 41429 62764
13693 6137 13275 8718 9861 5202 12325 13711 7753 2784 13857 2837 6880 13759 6421 12391 8065 5688 6529 4709 5251 17257 5281 11554 15301 13275 9884 12865 8746 12490
14735 47722 56817 75857 50711 82679 37506 74081 54234 93238 44756 75251 55887 21739 51576 60685 72102 55984 47535 79761 59786 6618 71147 63121 15726 30673 55145 66919 62496 58479
5868 3295 5304 7572 8773 6718 2064 6565 2298 9241 4032 7016 2246 3897 4015 3984 7339 3804 3762 7921 4301 6810 9233 10265 8370 4343 9203 11880 8850 11391
15470 11361 29605 28283 7872 28573 23005 33566 13493 17100 25884 13392 18345 20633 5919 27300 32094 12643 8345 11554 15300 24018 12554 12953 19093 29991 7679 18108 7160 14033
32138 45009 73488 85879 17134 72516 59865 86844 49727 58428 71845 46640 60166 52748 34344 77316 76760 50939 36671 43185 55605 45164 45216 20673 27937 60381 12473 16382 25751 11155
8963 10431 29104 30951 18292 35148 13896 36475 11342 31440 21495 22397 14917 12720 9544 25540 31385 14761 12357 21808 20602 16324 26766 26414 17402 19464 17911 25857 19397 26628
54129 16276 41196 30784 52030 23009 37370 53543 14334 37653 52555 22329 15325 50269 25268 38660 29596 10039 17940 32923 1349 66087 40103 58967 64530 49272 57259 78144 45382 68912
18495 27023 36209 46881 47827 52980 11625 48696 24245 54359 23692 53460 29419 7090 27856 33188 50955 29255 32299 53630 42207 16563 52820 55256 28358 16975 49308 60593 52112 55644
4582 6103 4894 7781 9534 8683 1095 7505 5533 12234 2332 9231 4755 832 5693 4816 8933 5751 6173 10294 6673 3529 11218 10866 6226 1278 9314 10707 9834 9868
16400 8754 21887 14982 11998 12507 17997 21943 8798 2608 23050 1836 11076 19720 8020 17905 15786 7735 6938 2475 8304 23141 3711 11872 19098 21272 12629 17490 7402 15830
14025 35121 40060 67770 44507 63853 19608 57359 35061 71238 25373 53386 36039 9587 35039 42968 65477 39250 44075 63521 46701 7582 71145 54726 20336 16459 50514 64181 58967 60385
44267 25192 89210 75376 23279 58873 60464 100423 34470 35198 67217 30770 41443 61326 13202 66383 77711 28874 18648 21017 37555 68186 33618 37734 57493 78112 30081 53467 23332 42941
14765 62179 74500 94212 66082 112055 48475 86246 58247 100657 56116 82098 73127 33458 58431 71163 110329 67469 61303 90973 89001 15949 95320 75352 15722 44082 67317 80368 66082 69820
33358 20112 42515 31803 28021 20531 32157 40949 18944 5250 40701 3996 22015 40758 19423 37210 30610 14644 14456 8926 12901 44213 10367 27369 45876 42541 24855 32366 22291 29393
15530 4910 22543 24052 19412 26301 11386 27054 5339 27257 17101 18938 7307 14000 7905 19670 23448 7548 6925 21816 13036 19670 26382 27687 24464 19236 20427 29945 23924 26459
50398 31702 13251 29837 70094 37086 17066 29687 24389 61270 19624 44788 19112 32909 35079 9413 30918 28695 36171 55869 28769 46877 60912 73143 56231 24981 72491 91302 66155 81131
51428 31651 18612 12568 70237 25519 32130 24726 28961 63003 35340 43454 21967 44774 46331 12233 12375 33390 35349 54038 28550 57453 61513 86027 68816 40689 63670 86452 71090 78117
45589 31502 10086 12089 53991 21190 24027 6384 25668 44550 20875 35462 26705 31420 33491 13740 12780 31103 34595 44205 28720 46591 50390 61678 48879 30259 53071 61704 55520 57806
33038 13239 58227 57394 37375 66339 28125 73582 15846 58053 45161 46130 22559 35775 13482 54383 63511 20801 16574 38898 32453 52000 47687 59897 46164 46445 40845 66491 45915 52558
7992 12309 12215 15613 17504 21298 5648 14991 11988 20060 6140 17674 11451 3501 14778 10207 15452 12585 14455 18991 16618 4275 22702 21435 10597 3386 18404 18737 19575 18441
8224 5277 17341 17092 5324 15163 11728 22056 6691 11123 14825 7593 9047 11382 2490 14812 17625 6153 3912 6463 8701 15045 8372 9631 12008 16148 5402 10387 5925 8729
41625 69825 76469 99755 90253 99368 48651 83364 67504 119424 52733 93518 77893 35717 76845 71128 110533 84522 76406 103413 94696 16283 117446 109853 38633 34124 94685 99801 100843 100034
28763 17133 60225 60490 16354 46468 36443 64424 19935 32467 46822 30259 29762 34810 8932 52204 61735 19016 15213 24663 29863 44601 30779 30532 36732 47878 18054 35101 19795 28603
46596 26618 49417 39819 33354 24029 44247 55533 24338 8113 53762 7565 30503 49260 22320 44481 33882 22523 24037 13906 18292 55756 13491 37165 51110 54696 32815 41263 25784 46981
92899 53535 95842 70526 67550 43674 79816 97011 51096 10957 95429 17552 54358 105366 45468 88063 62230 40039 48593 23565 39864 115200 27164 70161 109483 105075 63392 80372 45602 75859
46266 29415 81430 74519 18773 64285 67169 93540 39801 36571 86513 26889 41181 64580 19035 83594 69716 36483 28703 17140 38889 77165 26075 28202 51827 76478 20990 37572 8937 34218
58675 49050 9169 36008 68346 44146 22464 17107 41413 77098 12873 58729 34111 29847 56341 12693 38574 45240 52481 75872 43169 49768 79941 82481 60898 24929 73753 84377 72046 81029
20610 13782 4764 12715 26942 19971 7800 11261 13186 29375 6128 23767 10383 11532 17825 3608 13500 14147 16479 27104 15932 19708 32359 35297 26093 10641 33055 34142 30106 33660
26422 11898 21706 17751 24498 8561 24921 28843 11932 11147 24133 6644 14035 24335 14449 23897 16533 9715 12370 10821 6867 30320 13101 26947 32616 29092 22474 31230 19232 25758
1931 12632 24396 28669 14950 32263 12241 31261 16216 28434 20607 22693 15838 11054 12081 24010 26781 15045 14816 21540 20726 9043 21513 20391 5298 16937 14812 18945 15493 17436

92219 97512 80844 39020 42628 57014 77824 25315 2623 96258 71679 49263 82394 94246 53991 38244 46195 82098 17226 70333 34038 58018 55276 50373 14698 29726 42863 67845 52210 12705
2660 4363 8549 10003 5026 8869 4865 7160 10632 8140 8179 8566 1167 3564 5970 6920 5653 3599 9651 8660 7614 5348 8308 2628 12699 6768 10354 8181 4201 9391
31257 13810 30353 49398 28365 33524 49035 44656 55599 24598 60760 58976 13236 6314 46869 52767 49781 3136 49328 37772 47661 21091 61296 20225 70136 44151 62857 29661 18254 59289
18423 18823 19497 11981 6165 13973 17161 3193 8135 23882 14537 13834 13608 19032 11572 8564 8544 14734 7494 18019 7460 9008 13532 8296 14132 5123 12605 15138 7326 7651
60756 79757 91699 59529 47630 81852 58958 32990 28102 94800 32299 15976 61157 70854 24916 9426 18033 65413 17024 75148 6849 50426 19538 44456 49380 10664 9687 70418 46208 21160
23612 26416 30867 24139 9610 27588 30039 18335 26942 29826 32281 30729 12859 21941 24209 21810 20673 13909 23121 29825 23011 9788 26782 4666 35630 22563 33694 24212 3624 28700
17898 2670 33843 40757 25505 34788 28943 40982 53180 28366 40634 51577 11101 5810 35328 39664 37323 10636 40568 36287 40194 25189 43352 19816 55266 35593 49168 30405 23622 43589
33030 63518 66708 57482 49801 61351 25627 36431 43939 78001 5090 13248 41513 56329 14400 22449 21451 50735 34995 71409 21955 51511 13029 35577 51040 25892 21472 69811 44486 38082
1103 1773 2013 1145 933 1535 881 680 686 1793 649 405 1039 1611 436 75 203 1413 412 1573 73 967 403 765 1039 144 368 1336 889 470
228 2930 7299 6950 4362 6521 1322 5523 6342 5805 4062 4356 2099 3330 3495 4236 3322 3366 5166 5970 4345 4573 4009 2689 7281 4437 4986 6825 3691 6107
11355 9225 8036 5689 1200 5365 11924 4827 9561 8436 12384 13000 5528 6243 10802 9066 9237 5003 9865 5806 10317 144 12779 4013 10602 8808 12445 4481 2118 9709
38946 31934 32568 21161 5212 22265 44950 22097 32934 30385 46217 44345 23321 23230 46312 35034 31063 18863 31517 22238 33563 356 49564 15185 37216 30294 44868 18488 6483 37649
48171 41998 43675 13689 14965 22442 37447 5380 9142 39490 36040 30036 30372 39557 32594 23487 22741 33960 13134 27025 23089 20335 28209 24957 12386 16542 25698 24461 19486 10756
21364 33761 48180 30250 20995 38198 17721 17450 23428 39469 18784 16910 18309 29857 10308 9965 5222 26090 17986 35839 10571 20969 12336 10530 31376 11402 17644 36765 15384 19910
27122 41976 42307 33322 27154 36343 20425 20747 18343 42428 9484 1329 30067 34865 9570 5980 8924 35940 12675 41307 6572 29320 4245 20629 28813 9047 3690 36907 24375 15303
4740 7979 12479 8128 6083 10434 2976 5444 6410 12037 1948 2538 5749 8210 333 2609 1446 6514 4483 11070 2381 6551 1476 3935 8646 3563 3521 10603 6115 5805
29132 20318 5161 25198 18981 12949 36642 25769 32595 3397 43054 47168 20497 15678 42088 40643 32670 13714 36978 10676 41322 16172 40876 25109 36583 32922 44871 12676 19315 34750
41173 53068 52493 27707 22849 36185 34512 14428 7824 52616 27521 17767 33278 44266 24962 12026 18059 38382 3533 37559 11287 28856 16763 26992 14496 8885 11284 38093 23894 3789
43429 44158 53554 38502 22030 47700 32370 16871 27663 53386 34689 26026 27289 47018 22659 16045 13018 33868 18704 48487 16874 25436 28400 15321 42061 12025 27885 42452 19171 20135
56434 50930 31168 10330 18935 8223 65861 28098 34115 33519 75081 64801 46561 40153 58322 51157 47200 35549 43636 11612 48613 22205 55259 35094 31066 41848 53755 9241 24981 39318
4003 2601 9865 11721 8442 11793 6453 10622 14380 8296 9969 12944 4210 3492 9010 10833 9469 4485 13530 9405 10415 7617 10812 6210 15299 11617 12629 11116 7645 12776
47277 24472 9964 42320 33047 25579 52734 47708 58118 3599 76145 67025 28257 18110 61146 60930 52345 17701 51488 23585 61339 26992 66640 34759 62219 54342 67499 20752 29885 55003
61934 23042 26137 67509 42382 49015 72462 58180 89690 19657 99915 96872 37505 17599 77629 86399 69009 20893 74693 42551 76627 38235 90638 45075 91623 81664 96202 34928 35898 75400
69632 78717 84006 38098 36267 52833 60083 20147 5963 81792 49498 34690 64587 77691 46726 29345 32645 57912 9704 59248 25893 45880 37922 50253 17264 19363 24678 59477 41748 6665
30858 15623 13244 29756 21892 25690 42009 32241 45399 8204 52400 49564 18712 11464 49298 41549 39472 11712 48262 20010 45416 19415 46180 25304 50412 37815 57321 22347 18304 48966
58227 78811 83337 39956 30827 52462 56019 11201 21987 79339 41772 33257 53038 60477 39269 19189 20225 51546 13450 54106 17528 33548 29500 30206 35501 9689 31208 50857 30239 13325
77527 70850 61108 8953 30012 27901 72852 23201 23276 64212 65575 65830 65079 71118 66418 49014 50242 57454 33952 33968 50963 32007 59190 45670 19571 40573 54617 30792 35645 31355
81437 54704 22456 26110 32913 6473 89493 44520 61441 31335 98262 88252 57941 44430 84610 76087 63290 41745 70749 1675 79296 28293 76181 48485 60383 68397 83396 6980 34932 62952
21365 33425 37076 30104 22041 31510 16550 18373 17043 36626 7495 1927 22117 31436 6433 4787 6841 26164 11109 34037 4143 26511 2907 20111 26492 7307 4821 35251 23459 11510
55829 43920 39430 14545 10638 27757 52991 8717 22710 43809 45058 38831 33926 41409 36851 33000 33948 34322 23166 26941 27887 15962 44699 26616 24665 26382 42531 24997 17101 24728
47226 23197 28906 62280 38914 45841 64907 60898 87156 19552 96545 82835 29228 14333 73394 66597 70740 15461 83239 41970 74338 33888 88593 42412 94315 65555 95753 35922 31993 69260
2209 3315 4038 2222 1706 2921 1976 1238 1591 3853 1102 793 2180 2735 760 172 285 2409 1056 3094 187 1891 704 1357 2261 373 810 3134 1607 1026
12226 7689 12980 13745 6452 12525 16967 11271 19542 12427 19459 20764 5300 5241 16423 17750 13325 2136 16076 11585 17954 5793 17651 5743 20476 16381 20089 10802 4628 16111
40407 27739 11736 19675 16147 11074 47867 29406 40696 10345 54303 53666 25604 18358 41165 42892 36463 14425 37487 8492 38638 11139 46398 21501 36182 34565 51907 8437 17481 38936
51241 34333 8930 19370 22836 7155 56922 31990 38924 13361 66048 58815 32555 31915 56063 42836 43515 25404 44615 3713 44369 20664 51738 32585 36247 42001 53178 7695 24309 45172
29083 11442 18619 30385 22263 23229 34326 31004 48404 13027 45315 43713 13467 5520 43803 38519 37783 5571 38687 23962 44475 16485 44486 21671 47832 39218 52682 22939 15197 40170
8932 7246 5678 709 3062 2731 8843 2827 3304 6090 7765 7365 6297 7425 7396 5642 6317 6283 4242 3378 5615 3919 7082 5809 2494 5070 6671 3475 4234 3422
460 379 1486 1518 946 1368 854 1224 1925 1175 1373 1705 233 458 1169 1363 1131 482 1626 1433 1418 1001 1333 696 2175 1472 1807 1227 759 1691
19599 17186 14866 4111 3480 7373 20152 5526 9076 15447 22571 19128 12443 14917 15303 13975 13830 10461 11037 7988 13520 4845 15460 9561 10758 11755 16179 6612 6146 10453
16967 54822 98343 85534 56419 87463 8032 60057 78761 86901 40007 48117 38708 48535 26276 45628 30821 49086 57890 94060 46302 57713 38495 34642 104655 52079 57260 89842 48175 69220
45864 78273 99765 79694 56421 101430 26336 58898 58685 102728 7001 18501 50132 73076 8315 24863 21421 65916 41291 101615 26785 68560 13437 41912 73479 32584 28080 84393 54258 45371
46463 53774 60208 32962 25693 49326 37117 14978 19164 60210 24746 20230 33106 43308 22108 8042 12230 38847 9803 43591 8017 27891 19717 25804 29563 2055 17745 44725 25904 14070
63676 61070 62316 22072 23304 37773 58828 5804 11725 56926 45048 37631 46491 55938 40492 26585 33661 47395 13698 41898 28420 26659 36410 36659 18068 20503 35919 38424 29824 13543
589 550 674 393 117 420 577 194 456 679 634 589 346 495 467 357 319 349 340 525 408 190 547 169 528 311 532 406 106 402
11588 14301 17329 13155 9889 14463 8989 7442 8337 18731 2995 640 11734 14296 3378 2164 2934 12981 5300 15450 2469 12690 1111 9711 12419 4118 2065 14830 9722 5632
821 1267 1762 1250 762 1419 698 685 1003 1588 859 740 715 1189 534 453 310 874 822 1500 478 689 554 323 1387 472 864 1340 617 798
50533 57951 47113 18545 21404 34392 55445 4784 13685 59826 51472 39798 41961 49522 45302 29240 29928 42072 16720 40089 28268 25462 40877 32968 20612 22508 35703 33861 23332 15741
47864 66800 73606 40014 22725 59630 49375 17127 35509 75717 43178 33360 39109 48446 30602 20092 18304 45642 23024 63393 20745 30420 33058 21716 45642 14963 40107 55736 20787 27626
47575 45325 32330 14251 4639 18381 55964 16925 31355 36455 59160 46625 33809 32427 42398 38158 38362 28783 30088 23113 38349 8887 50535 24249 38200 28917 50944 16748 13306 32162
4551 4324 5047 3191 1284 3909 4763 1438 3149 5526 4569 3709 3037 3954 3192 2766 2507 2697 2940 4337 2749 1580 3977 1243 4193 2380 3955 3427 1234 2830
11566 18483 32752 25966 13834 29955 9585 17174 22756 31988 12113 15745 11270 16979 7541 9587 6477 15409 15082 30199 11157 16345 12141 7597 28798 12122 16571 25469 13583 16831
24995 28471 26033 10221 3696 13808 25488 5214 14083 21974 26910 24896 16510 21224 24355 16978 15244 15774 14898 16461 16678 7295 23498 12020 17540 12102 20093 13746 7639 14978
14317 23319 35405 25001 21778 29569 9059 19203 19076 33221 2790 5700 17334 24508 1790 7629 6184 20162 13240 32988 7298 19185 3265 13148 25231 11666 9453 28151 18925 14895
32260 16796 63691 79773 62229 76810 50443 66756 97235 52503 75030 74778 32204 23850 65258 75228 61965 31129 86500 65568 81535 50989 72765 50971 106504 82463 89469 71738 53188 85506
5026 16509 40668 41570 28489 37892 13868 30411 43473 33957 25638 32011 11942 16034 26459 32094 27972 18767 36941 39324 29105 26752 27629 17897 44599 33875 38728 38382 21857 34758
46863 34727 52025 47724 18649 42457 50574 39283 60968 43201 65343 71958 19758 28009 57885 54470 43196 14863 50448 39398 54705 14919 63468 13515 61404 45625 67961 36256 6374 56154
5613 10808 21512 25765 20727 26040 11368 24625 25421 23221 18650 21495 10449 12782 16785 19010 16892 14807 23875 25363 22142 19371 19949 14448 29664 22794 25914 23429 15672 23482
22107 70055 115005 109777 68120 95191 11355 74921 83806 101086 39389 61390 50500 61094 41247 61355 49403 72811 78121 103231 58405 78918 52887 52326 102123 61036 65470 95531 72142 79938
33132 66084 79309 65730 52759 81026 18287 48759 53533 74237 12777 25685 43502 53343 17179 28031 27526 51593 42636 84193 34116 64177 19225 38936 62442 41505 35469 70684 47829 50684
701 425 1141 1331 797 1253 1113 1137 1647 844 1616 1595 234 207 1300 1289 1284 148 1368 1084 1441 714 1387 569 1714 1356 1729 1083 559 1365
13755 9463 4731 9801 5951 4987 18377 11084 16453 4161 22034 19456 7888 6527 15698 16820 16194 5165 14799 4226 14572 5201 17408 8819 14980 15486 19295 3844 7016 16397
30539 51048 74112 53549 35158 62251 22376 34345 44365 79944 22047 25807 33134 42741 13197 21284 11887 39887 36269 72223 22232 43551 21590 21150 56335 23787 29996 66521 35726 38679
13279 21373 57795 64184 46742 62035 18855 52761 59316 44185 44959 49863 23925 26859 34082 42383 42655 29946 49127 55882 49858 40674 38950 32696 69635 49781 50738 55107 40799 55803
32836 32568 84082 100314 82889 92765 45214 100009 97942 71509 72317 82900 44482 42364 70624 93452 72561 49863 89072 92907 91260 67311 78042 61988 122619 93950 101608 82388 68986 92129
31447 56193 66078 55488 39166 62803 24543 36067 34844 66063 3401 8214 42246 50263 9055 16407 16489 45667 24586 63443 16798 42283 5883 33715 47362 20263 14957 51857 42211 29654
70705 76794 74164 28051 31087 49120 73585 8694 15054 76620 63976 48279 63429 67636 53529 32837 40692 64454 18719 48429 34292 37643 51773 43107 27050 24771 47029 51710 38707 15737
76071 47352 16624 36367 26563 14283 76774 49605 64810 22043 91457 81279 49225 41944 85216 72568 74812 37892 66775 7194 67414 26343 90267 49325 65709 59700 90192 9710 32378 69835
38959 21351 10425 26531 20846 16926 42862 29580 40464 7047 57157 51509 22753 14769 45406 39761 37967 14389 40188 16131 44092 15709 44773 25026 42344 41866 51680 14355 17612 41955
4633 11567 19694 17530 12579 16596 864 12723 14021 16380 6944 9554 8625 12490 5308 8256 6018 11667 13531 19581 7822 11696 7339 7867 20008 8974 10122 18698 9685 14203
2039 3063 3880 2705 1847 2821 1679 1770 1395 3709 506 96 2242 2601 704 608 776 2795 1204 2795 637 2020 346 1819 1976 816 380 3125 1866 1213
725 673 385 190 169 152 830 359 566 428 844 854 543 551 715 659 654 443 529 215 678 151 698 406 509 512 747 147 282 581
359 1197 2324 2034 1607 1931 331 1718 2049 2017 1112 1259 919 1107 972 1262 944 1128 1855 1958 1223 1372 1112 981 2508 1269 1590 1847 1227 1674
85374 79204 64020 7770 31897 33067 89854 23854 29490 76024 77580 70734 69272 67085 72641 52076 63009 64698 40796 40854 56325 31873 75386 53535 30344 48850 59872 32670 39802 35264
603 931 1435 1165 854 1200 383 935 830 1425 223 455 745 927 320 565 442 1050 812 1207 527 1035 355 807 1072 677 579 1130 873 756
62530 24517 34724 71285 54705 57151 83359 75141 104308 24089 97251 99855 38785 20173 97817 101510 80786 27658 87800 54330 83278 44541 109559 52198 100003 85884 116192 49383 51679 87055
21963 41074 62333 50779 33469 52007 9493 37180 40988 61613 13717 19221 31084 42532 7983 18473 13428 33631 29528 52002 19638 39565 14499 25228 56270 25164 27322 48180 31756 31175
12883 31848 71851 82438 57789 93102 33264 75092 87755 70949 62880 66720 26758 34012 48738 73610 53856 42977 81886 92012 72931 52036 66953 41861 112238 70887 82519 81636 45341 82842
35627 67246 116223 82960 64043 101058 20031 60489 64378 109063 18137 29946 47918 63673 8960 30082 22961 65453 52945 95555 29838 67597 18703 44257 79497 38564 41817 83325 51001 54279
33260 17033 7992 25853 21966 20608 37297 31236 43875 3335 52850 44813 20207 13737 41890 44029 34629 13900 42542 15538 38250 18979 41583 22901 41272 34043 48907 15514 21777 36750
19800 18068 54067 68993 49277 70498 33799 58863 80784 50035 67721 68928 21547 22108 52387 64362 54761 29774 76801 62764 68110 47651 60716 36365 90003 60180 68890 63228 40892 74109
11630 39833 75654 63996 46195 66495 3951 46522 52242 60348 26403 34286 28779 40835 25899 35548 28743 38784 46885 64015 38993 43082 33442 26539 66033 41107 44249 69332 42381 48151
51373 76930 80111 52888 51409 76610 41428 36056 39012 90071 15576 6253 50913 65820 12539 8800 12644 56614 24487 71528 8187 54523 6058 41751 55642 14741 11193 67830 42635 27812
13558 27454 75747 64649 40333 66672 27797 50383 79264 68857 55917 64520 11927 31849 38438 49373 44228 25282 59166 60853 46130 42552 51997 19398 90263 45871 60865 56423 32080 57848
24800 31139 34511 22556 15831 29998 24612 7948 13175 34985 17259 14437 23406 27991 15670 7123 7001 21557 8500 27461 7707 16667 12594 11951 20609 4094 15646 25640 14136 11039
12145 16345 19534 14333 10493 18327 11047 7318 9461 22782 8166 6760 10866 17277 4769 2536 1545 14983 6011 17063 2662 10312 4638 6355 12813 3209 7411 18365 9460 6857
21003 24514 27015 19147 6765 21903 19198 10769 20483 27013 24591 24249 13920 18370 19574 13724 13597 13777 17074 22246 15981 8019 20626 5073 24461 13611 21847 18298 4547 16743
59876 42738 5715 41824 36152 23535 83514 59873 72107 6984 83650 86751 44606 30696 70984 76400 78018 28180 79129 19070 82503 34479 85923 44929 74662 71185 79171 19714 38145 65436
19402 20905 22824 12006 8155 15447 18205 3160 6233 21320 12485 9594 15050 19235 10220 6355 7050 17313 3812 18469 5663 10693 9077 9162 10691 2778 8365 14134 9651 3637
21800 13173 10425 17253 11408 13188 28949 19225 29176 10410 32669 34624 11503 8162 26734 29338 24801 5367 26367 12410 25042 7666 28958 14479 27646 27144 33640 9848 9502 27088
55246 76101 114649 81229 63696 85701 35504 53307 52875 96987 3148 17239 58545 80259 11256 22410 19754 78049 40473 90784 25840 73296 9262 47770 69250 32378 28533 97378 64663 47270
4687 9413 18383 20136 14984 22008 7946 17800 25000 17460 13623 18038 9254 10549 13379 16261 15112 10814 21921 21942 17224 14790 16167 10706 27556 19214 20936 19291 15132 19766
41552 44630 37312 7704 12524 18360 39957 9215 14759 36085 43694 35260 28653 39548 35543 24419 25156 29837 18377 21488 25797 13475 32834 24861 17063 20969 31424 20286 17222 20089
59846 83258 97320 55505 48711 79178 44103 30158 29862 90634 26532 12337 52654 69179 26033 8376 18323 64981 16513 83338 8866 55776 14121 39713 43939 12266 6916 77664 49868 20546
59629 48044 39241 2171 20700 19002 63244 16765 22155 45252 56953 51811 48511 41833 54067 38962 37378 37499 29923 22689 39134 21637 44966 34475 20713 31152 47873 20552 29932 25866
24066 41564 54619 43779 26313 50650 16995 30930 40877 54997 23387 24020 22071 40338 14086 18138 10457 33720 26746 51937 18713 33126 18126 15511 54655 18473 26381 50014 22479 33385
40247 16187 21344 40238 26873 31382 54451 40699 61878 14197 65118 74149 20639 11043 57615 57236 51225 11408 60287 29353 55221 22965 58610 31102 65822 53655 70852 26560 23263 54760
19526 15557 30716 31655 15067 24929 25372 20823 32702 22752 32613 36049 5628 11259 28444 29088 20932 6979 32579 27868 24665 11929 29466 6698 41215 27395 38515 25849 8640 29854
49515 50976 44257 14195 21387 30525 53801 12768 9628 53108 45391 34248 43083 49585 42458 28668 35074 44566 17908 29998 29587 29799 40867 30833 7611 21860 32175 27746 28502 14102
100394 108673 103961 38848 62127 61418 93563 36122 16256 103056 76684 60065 77996 92827 76419 52386 53367 78127 26811 76724 45320 69253 56896 72811 10463 48027 50630 70370 67995 26214
20828 18000 24406 26801 13837 23003 26595 24417 34061 23426 39067 35754 6172 10916 27937 28115 22502 7000 28371 27562 29716 12090 34076 6539 36059 24636 36120 22641 7012 29724

2141200 2107403 1840969 2217151 2164343 2158091 2223692 2113995 1669402 1846084 1485698 1628333 1686024 2244889 1948452 1536462 1853838 1986043 2155053 1435703 1740862 1830706 1687608 1666265 2237235 1566314 2061436 1592113 2110304 1479013

627041 898636 832139 562322 828106 763634 572864 707992 855928 646279 867793 563152 567855 637481 734775 746804 792271 779890 750467 827549 761326 610945 588964 654736 870827 893012 738828 848277 807252 757697
