150
40

32515 27993 62447 53169 7791 45596 39788 64313 32164 21708 54003 24775 35975 46287 18480 52841 52392 25900 20556 15702 32827 44539 13401 11322 38106 52341 9499 19693 481 15443 53243 38815 18088 42864 57288 48172 46280 36615 59858 28294
49587 11732 55930 47189 47080 33147 38161 60729 14745 29824 52944 17143 19163 53008 17363 41452 40778 7469 11036 25267 7806 62424 37349 57773 70228 57381 51550 59894 40432 63329 63515 62010 24682 36307 75383 56631 66095 22654 62697 1428
18380 17377 33300 34665 4035 33498 29304 39543 23056 18292 29021 18349 23382 27699 13800 29980 34976 18092 16623 15903 25769 26826 14630 1917 17808 30008 3430 3372 7048 1894 29847 22363 11342 30720 28446 29623 28978 25054 31805 21995
43159 37380 10126 32877 57578 41617 16076 16537 31549 66116 7234 49650 23819 24068 43916 10754 30503 35592 40182 54405 40094 37941 58039 71510 53120 17958 57401 75268 65689 70931 17558 36117 45363 14948 43919 25411 23423 25955 27660 39300
21987 7878 23089 17338 18798 11662 20142 28800 7959 9041 22819 3559 11151 21638 9782 22214 16573 6116 7610 7881 4758 31436 10658 19381 26803 24236 19433 28154 16711 25037 29390 26155 12729 15314 34427 24847 26618 10963 28923 3142
35626 67760 72189 104065 76009 112727 46992 84889 68511 105652 50333 103152 66733 32429 70349 74546 96493 69064 66283 93676 79582 15108 105338 80474 37258 35556 77059 86267 87632 84302 33672 25323 63704 76855 4138 25612 30554 64703 25497 77130
11197 7149 5351 1330 12838 2955 7510 6377 6175 10728 7788 7756 4318 8704 8211 4793 1106 5972 6817 10927 4658 13846 10538 14801 15580 10371 14198 17400 12928 14692 10370 11712 8958 3494 13889 11733 10556 5271 11507 6381
14063 10279 2659 9886 20138 13171 5947 6215 9738 21333 4584 16436 7837 9188 13322 2022 9237 10992 12393 21610 11025 15823 21731 28094 19817 6555 20927 26994 22390 22866 7997 12060 16448 3651 15314 11263 9492 8405 10429 12811
18996 19732 18377 29966 40062 34953 1993 31974 17176 45452 11524 32288 14889 5913 24743 19764 28677 19971 23792 39125 25884 19850 45655 47262 29070 9578 39620 51006 39499 44098 11332 16394 24698 13693 23250 11281 11682 13408 13610 23173
39152 14398 29209 19530 42461 16744 29288 39774 12073 33959 37851 19091 9771 37943 18238 25304 19179 10393 14504 27769 4703 50942 31380 47797 53599 37679 39779 59992 42170 52619 39191 44301 28846 17443 49851 42628 40924 13489 42125 11138
59727 31062 55632 47696 38334 35832 52161 72071 30785 2069 56094 11989 38687 64735 29161 58170 47332 29681 25123 11539 23778 71545 10962 35327 66238 64817 36576 50655 27043 39359 60773 62055 30961 49254 72954 61810 67686 35072 68527 22811
23803 2254 26101 27519 27238 23862 18092 36868 1374 24446 25586 17493 6034 21986 7874 22378 25834 4202 6041 19993 10267 33596 24122 35744 29578 26614 26762 42087 24960 34779 30749 25656 13673 13788 41070 25874 27529 5812 27619 9039
32870 28590 54587 47866 10293 41125 42902 56903 30520 22214 50562 24847 36186 46311 23217 55607 47138 29505 22240 14477 32290 50247 14170 7852 36215 46558 10808 15281 4487 12302 50194 40532 18633 45008 49030 48470 50480 37594 47470 24884
28267 13613 21712 11829 22986 6079 21573 22556 14299 9968 26038 8782 12686 26718 14460 19667 12370 11839 14673 12424 9507 31615 13079 22664 30554 29159 20694 29692 20486 24851 27246 27673 18416 18152 33258 30552 29740 17301 27574 10352
14708 6863 14479 13229 11338 9833 15271 16600 7083 3567 15480 306 7872 15733 6196 13420 12036 5774 5909 3417 5114 17369 4842 13000 16049 17862 11540 14976 8251 13891 17809 17630 8189 12477 20412 16087 19948 8355 20629 3653
87601 48495 45099 16366 81767 5851 59559 51523 41215 52675 69973 44207 36041 77039 51586 46285 15812 43039 44107 54389 25447 83575 68229 88233 96875 71094 90529 107949 73078 97378 74446 93919 70693 34430 107387 86808 81153 43622 86860 37740
10243 26916 31239 51431 35911 46431 20619 43158 32850 50875 24925 40015 30026 13054 31878 35883 50262 35139 30924 47938 35098 1866 45995 40597 13000 17088 35845 39043 40770 37393 16388 5555 29474 34870 5918 8045 12618 28295 10758 40388
8787 2815 6265 3849 8482 3231 6210 7300 2298 6459 7243 3502 2033 7057 4271 4968 4113 2088 2797 5526 761 8836 5884 9926 9067 7263 9181 11080 8345 10504 8642 8405 5093 3490 10553 8650 8586 3075 8573 1954
36628 21269 36879 27695 24581 20643 34017 42307 23208 1405 39038 6444 22158 38355 19280 39793 31464 16452 16245 7625 16381 46836 7758 22442 37110 43470 24308 29950 18320 26644 44824 38522 19672 28602 46272 42910 38827 26908 44918 15482
61928 32835 48677 35936 46128 21554 57284 60857 33165 20070 63540 15625 33072 58200 31385 49527 34801 27118 33326 25220 20869 74136 32441 62815 67295 63366 54705 69607 44863 58020 68210 75870 40188 39784 90121 68984 71890 35489 80248 20733
9195 22043 46917 55914 28948 52533 20708 59016 23582 45951 34789 38192 25778 20805 17777 41713 51574 25188 23548 40480 31330 21530 44567 35945 18021 31001 26784 38701 30638 33063 33761 17319 15412 33171 32865 22671 24338 23344 27732 28219
10704 5936 5810 1852 11346 1372 7243 6136 5935 8114 8059 7031 4723 10039 7116 5077 1764 4939 6510 9152 3856 13868 9971 13966 15241 9112 12730 16013 10091 14641 10048 11589 8644 5151 15075 10610 12024 5855 12972 5283
56765 43415 18288 8200 70053 23412 40803 17166 35931 58638 32768 47332 32373 50980 47733 16280 8726 34458 43497 62027 32829 66814 62420 82453 68905 45741 69958 88564 71234 88530 43504 58688 48069 22698 70866 52879 46839 30611 56184 40782
16783 10876 32973 28932 5074 26046 22168 39554 15644 14742 27262 13454 15565 24950 6774 26242 26564 12204 10702 8072 18023 22775 10452 10662 21005 25253 6408 13003 4348 12482 28701 20818 5739 25434 30123 28192 27656 15477 27375 11711
13426 5988 10728 6889 10969 4399 9505 12737 5636 5596 13118 3313 5263 12218 6646 10550 7539 4296 5361 6087 2678 14452 6359 13362 13965 14833 10478 16239 8769 15392 16004 13660 7817 8005 17076 14103 13473 6547 15957 3617
9715 3840 10176 7108 7407 5988 9639 11410 4334 3419 11127 1134 5352 10744 4880 10346 7558 3631 3884 3674 2902 11707 4410 10091 13464 12415 7638 10006 5850 11053 13415 10901 5781 8195 15677 12105 12359 6006 12742 2289
45772 22528 25936 25661 55410 26158 25368 33024 17329 47819 33312 37220 9719 31785 34765 17224 24113 18689 26596 48551 17234 47126 60380 70822 55816 32741 57872 84894 56343 80453 44506 44981 41892 6625 67802 48016 44194 12114 48588 23021
1971 1391 3723 3993 1171 4155 2657 5180 1700 2560 3442 2206 2424 2777 785 3753 4477 1724 1283 1631 2088 3328 2191 1905 2500 3702 1067 2413 1257 1965 3617 2365 310 2940 3323 3399 3422 1782 3631 1691
5796 39962 59545 74425 33092 74739 34653 70957 42944 61824 50297 54303 41444 25286 34401 58328 72706 47109 36156 49059 55339 20323 59958 42038 5968 41393 33386 43433 48059 36001 35894 17999 28815 51795 30828 30116 36590 35762 33486 49766
18938 17192 8598 20180 32768 27412 6497 14007 15904 38009 903 26753 14894 9062 20198 7964 20572 21774 21840 32195 19362 18161 38286 34785 23568 6529 29995 40639 33997 35878 7656 16378 21905 10072 19860 11129 8663 14789 11568 20748
73039 55273 8741 31412 98738 55945 41092 5490 56113 88532 32600 76056 41415 46479 63648 14893 33577 50238 60073 78688 54902 77502 99047 123638 92610 42338 88294 120063 102209 115928 42136 63059 79118 30210 79082 60509 50755 47617 60277 59741
42185 12711 36082 30308 33561 21156 33326 46805 12447 21773 39408 9875 13809 37495 14805 35011 26840 9368 12490 18620 5216 50161 25618 37288 47151 45907 34405 48269 32033 44432 48858 41858 22296 24971 58402 42401 48631 18953 52373 3375
101860 56644 79455 62806 70999 38060 75227 99869 48970 25761 104538 25096 53934 85684 60692 83852 59258 46122 54458 38921 40940 102827 38125 80189 95526 102253 74091 92903 57895 85710 101024 104066 68928 73352 112664 94022 96020 60684 119991 40759
62468 31886 66115 57598 35137 36221 56110 78630 35188 1127 67503 12793 36066 67457 31309 62087 51456 31516 33280 13714 32492 70392 9905 38273 67632 67505 39022 50138 25430 49460 82371 70879 33693 56304 77662 67720 66508 43617 69341 27369
48256 48260 92281 87693 13230 92080 71925 115014 56215 54697 78662 51565 68281 65579 39996 91758 81287 53336 41858 41874 54363 63357 42121 7549 47844 83334 10416 8386 19490 1906 81424 56102 33407 69475 67514 68578 75586 56509 82855 55666
16265 20031 57459 55795 17375 59032 33571 65337 28587 41070 44374 32645 34597 33683 16910 51786 56590 28231 19679 33811 33654 36215 39031 28235 21059 40112 16906 32487 22972 25051 48264 25741 10125 39218 42725 38842 41890 30020 42993 26789
31556 41864 78002 79334 13279 82271 58718 91466 51811 49101 68965 50832 52667 57983 35153 83786 81916 53186 40941 38630 52255 49805 41376 18828 28984 60151 9739 15571 25449 11812 74961 46797 28600 67844 57721 59165 62821 49416 70501 52325
28564 23127 14580 30806 48587 35541 6469 24852 19541 54180 9077 42194 18252 13415 31260 13256 27929 24150 26598 51791 27692 27796 57203 53978 42780 13232 49422 57347 52883 53785 18235 23930 29863 12176 34490 22993 16679 14800 19673 29274
3602 4416 7774 7927 1117 8012 5038 8385 4893 4344 6690 4802 5044 5442 3645 8074 7791 4271 3626 3609 5059 5628 3667 1471 3551 7042 833 1155 1739 747 6779 4334 2410 6306 5718 5678 5587 4572 6787 4322
29209 23439 6623 21406 38952 25703 9616 14066 19905 45373 9616 34402 14446 15808 25494 4812 19273 23131 23653 37345 22643 25940 41402 47435 34754 15923 39927 56909 40497 52021 16051 27064 26455 6509 33198 23703 18266 14008 21036 24042
27264 56690 88105 109193 29307 90240 61537 112586 59758 74041 81285 67135 70296 53115 48234 88665 105785 60450 53326 65309 69205 48546 68855 39122 20072 69663 25539 32237 40986 30818 67131 45283 38200 68321 53082 49300 61407 56407 63930 64183
63099 29837 84973 78637 31016 63070 64960 105550 37463 32336 89014 21551 44672 75488 18022 73780 71006 31565 19051 13589 31703 74468 20337 43551 60774 82379 34451 48521 19737 50319 90241 73363 20036 56374 99583 71947 86296 46739 92906 22923
9346 22307 34984 40554 12580 42283 22905 48112 22820 36113 29300 30783 27678 24237 17399 36826 46300 26021 21351 26500 29079 17825 28346 17440 8277 25152 13502 16368 18283 14988 27118 18363 15787 32461 22431 22240 24582 25326 28772 27059
87151 55195 33388 569 108235 22776 52579 33298 45944 77853 52933 65181 42134 70408 68283 36189 2484 50612 56399 79084 42843 94858 91550 122370 97618 72194 112846 132029 103327 112004 76718 85118 76166 34574 105283 82041 76929 51077 81695 52038
68534 45061 13734 14101 76864 32067 35513 11788 43321 70861 32595 51345 32387 50950 57937 17262 15461 37441 53179 66909 36643 69117 63290 86724 75465 44415 81637 93461 69581 85554 47842 54995 64661 22455 67733 51144 49947 35562 47459 39580
5802 7142 15418 18035 11962 18791 7971 22577 7283 18136 12476 15187 9715 7260 6559 16198 20448 8919 8078 14666 13452 10229 18249 18710 10292 10448 12926 20741 13769 17546 13149 8289 6004 12808 14871 9993 11568 6665 11451 10454
4581 24216 36999 47077 24668 50561 22838 47004 23793 39822 26783 33201 28027 15970 23202 37502 49292 25804 28657 32007 36500 9728 36238 26938 3425 20879 24782 31300 28254 26790 25167 9595 20008 33790 15605 14706 18162 25520 19291 34820
57575 33133 85403 79125 18366 66280 71321 112106 47634 30959 81681 32333 46544 68573 26023 76847 85801 39798 28925 16083 49363 72679 22194 22034 57424 80361 19579 33711 5868 27377 87224 67006 23595 71129 92050 77513 78873 45594 82282 39062
51041 53941 95470 100457 19518 83130 68402 99439 63894 59223 77029 59922 62150 74217 45058 91695 85700 60073 50304 42307 70943 67474 39126 11344 47263 87877 20113 2556 27776 8486 79447 66101 39037 70701 67568 67483 68696 67841 75289 56821
28181 30054 35628 48268 55167 54988 3103 44771 29923 77172 15642 54091 30104 9492 40941 30599 46589 36716 32966 67217 45491 32001 66924 73969 44189 16592 55754 84576 66020 70972 17561 25075 42488 23234 41994 17476 15416 21057 25470 43755
2733 1113 1893 1274 2273 656 2099 2170 1250 1022 2431 719 1266 2744 1266 1864 1138 974 1272 1196 627 3283 1439 2509 2792 2548 2384 2993 1870 2933 3100 2599 1762 1406 3267 2603 2599 1287 3247 833
19518 12920 33511 29211 7307 25269 24046 35879 14540 10682 30331 10006 20734 29414 10287 33121 32444 14939 11824 6036 14706 28162 6078 10145 22037 27694 8945 15339 3151 11552 29943 25430 8939 25133 33143 27915 33563 19585 30151 11658
2869 13855 17017 21165 12809 21111 11228 20504 13862 18961 12073 19064 15251 7423 13243 16443 23880 13194 14490 15786 17041 4158 20895 15751 1974 10908 13160 13233 13946 12573 10301 4295 10124 16712 6500 7752 9310 13611 9446 16970
12400 21865 23391 33631 28912 39232 15848 29004 23873 40059 18335 29991 22110 12058 26066 27034 33911 23349 25974 31507 29565 5401 32035 29674 11307 12983 27743 31374 27904 27557 11809 8619 22724 23357 1175 7638 9299 23461 8257 31742
26340 2946 22489 21060 27087 19902 19564 28272 2234 22041 26699 14480 5260 24748 7552 19266 20336 1686 4509 18217 6687 32636 21585 33046 32197 26504 26926 35827 20821 34650 30876 23661 12076 15363 36638 25288 29382 5763 32312 5946
17415 7520 16891 14893 13633 10725 15259 23534 9423 5548 20243 1378 10446 19454 9130 18569 13050 7246 6628 5831 5112 24640 6790 14778 20295 19761 13956 18150 11266 18409 20550 20750 10874 13930 27577 23593 20149 11824 24879 4826
4237 2628 6210 6190 1865 5497 4929 8026 3242 2165 6395 2185 3668 5462 1818 6358 6040 2710 2168 928 2963 5761 1262 2146 5276 5803 1836 3479 945 3045 7122 5421 1850 5544 7320 5608 7038 4114 7174 2465
46163 11407 55635 51495 37726 43845 46607 63772 14844 32074 53382 17665 22133 54566 10881 51190 54285 9792 5543 22670 15307 70748 33390 55525 63021 59302 45561 61129 38123 52073 67349 56438 20589 42402 74725 55988 56737 24538 73836 7273
55694 25916 56904 42214 39207 26315 46897 62611 25813 10916 52658 6568 28021 50433 27673 52671 36072 19617 23940 14864 17333 71631 18428 46360 66879 61122 45005 50551 28997 45562 65523 62341 34353 43124 83056 59493 65021 32951 60118 15668
1000 1081 2008 2277 68 2013 1477 2678 1189 965 1812 1044 1201 1429 732 2108 2307 1207 958 796 1245 1711 787 286 1227 1680 71 475 276 338 1871 1249 649 1848 1642 1622 1750 1309 1896 1036
12153 4362 21616 21415 9544 19955 14888 26792 6306 14217 20988 9377 9227 17489 901 18766 22454 6429 3303 8997 10380 17724 12494 13695 15490 18048 11887 18554 9622 14476 21338 14897 2511 16186 26154 20207 19197 8674 23694 7692
36075 50564 27696 56399 76754 64096 15411 41344 38007 89030 8924 65186 43929 17224 48524 28080 50242 50382 48784 69165 57556 26695 82066 88267 52288 5853 74979 91373 66954 86049 5886 26953 53900 31912 32389 18415 11254 33078 14505 56232
35597 6262 34950 39468 44357 40649 24296 45782 2234 47299 36112 28189 7368 28312 14427 32630 34496 9163 13254 38667 16249 41893 47193 49981 48627 35708 39920 56164 42061 56487 43980 39264 20047 19377 51084 36932 42100 5370 50419 14751
24320 41157 46134 65631 56966 78181 14051 60871 39415 83720 24638 73513 41649 3333 45455 38647 62300 46240 39022 63690 54054 17217 68772 77593 38123 16995 66757 80490 69372 64792 19770 13107 37297 39217 30219 8046 11740 33045 17665 56893
28376 12156 11594 16064 29566 19391 11723 20241 9451 34669 14065 22355 5803 19728 17186 11123 14842 12735 15695 27711 12351 28054 31704 39212 29384 19907 31152 42503 33376 37818 23032 26333 22388 3001 32450 20488 20042 6050 25144 14477
56082 36117 80402 82382 22548 72735 71441 112764 42605 24429 93146 26201 50190 73326 32673 87293 84006 42515 36936 14989 48115 87967 14817 27426 65578 90039 23400 35059 9398 31946 88959 69727 31180 66250 86750 89601 79530 58087 81953 36857
5787 11239 11602 17199 16380 19589 5187 16646 10951 20286 6129 19947 11357 1580 12364 12433 19303 12468 12526 19610 15211 3145 21506 21960 8755 3600 18030 19252 17224 20922 4595 2949 11574 11482 5845 990 2212 8703 3273 16078
26477 42627 66620 76765 12946 79676 47478 78297 45036 48951 70474 47248 50211 52501 34472 71786 73361 40638 33819 42181 50386 47769 40736 23024 22801 64072 11770 17564 24452 13306 60049 40295 25667 58422 47635 48743 58523 51210 62659 43640
4439 1020 5793 5195 3533 4722 4806 8182 1632 3315 5281 2219 2269 4536 488 5078 5155 1234 457 2318 2105 5813 3521 5034 5420 6425 4031 5323 3061 4718 6148 4963 1543 4041 8119 5655 6621 2477 6577 1468
68990 36016 62866 48831 47309 37920 67103 75841 36261 13158 70668 15358 43072 68576 35698 63078 45163 36444 33747 24252 26821 80688 23928 53403 86124 76828 48952 70597 41429 62764 79309 74119 47790 54033 100740 87514 81435 43131 93839 25981
13693 6137 13275 8718 9861 5202 12325 13711 7753 2784 13857 2837 6880 13759 6421 12391 8065 5688 6529 4709 5251 17257 5281 11554 15301 13275 9884 12865 8746 12490 14892 14600 7983 8615 16297 15875 13738 8999 14906 5048
14735 47722 56817 75857 50711 82679 37506 74081 54234 93238 44756 75251 55887 21739 51576 60685 72102 55984 47535 79761 59786 6618 71147 63121 15726 30673 55145 66919 62496 58479 31550 9698 44003 53423 14948 18324 22970 45079 21666 63219
5868 3295 5304 7572 8773 6718 2064 6565 2298 9241 4032 7016 2246 3897 4015 3984 7339 3804 3762 7921 4301 6810 9233 10265 8370 4343 9203 11880 8850 11391 5517 5253 5274 2758 8285 5510 4512 1162 6218 5001
15470 11361 29605 28283 7872 28573 23005 33566 13493 17100 25884 13392 18345 20633 5919 27300 32094 12643 8345 11554 15300 24018 12554 12953 19093 29991 7679 18108 7160 14033 28157 21012 3622 23997 30781 26223 28825 16065 25695 13852
32138 45009 73488 85879 17134 72516 59865 86844 49727 58428 71845 46640 60166 52748 34344 77316 76760 50939 36671 43185 55605 45164 45216 20673 27937 60381 12473 16382 25751 11155 57078 41606 28855 66970 55857 51052 55657 52924 62921 52481
8963 10431 29104 30951 18292 35148 13896 36475 11342 31440 21495 22397 14917 12720 9544 25540 31385 14761 12357 21808 20602 16324 26766 26414 17402 19464 17911 25857 19397 26628 23718 12625 8386 19796 24044 18596 17750 12121 22523 18235
54129 16276 41196 30784 52030 23009 37370 53543 14334 37653 52555 22329 15325 50269 25268 38660 29596 10039 17940 32923 1349 66087 40103 58967 64530 49272 57259 78144 45382 68912 65377 51658 33939 27824 76711 59265 55957 18402 65214 8935
18495 27023 36209 46881 47827 52980 11625 48696 24245 54359 23692 53460 29419 7090 27856 33188 50955 29255 32299 53630 42207 16563 52820 55256 28358 16975 49308 60593 52112 55644 20984 12984 30448 25069 26493 12623 15808 22078 17370 36634
4582 6103 4894 7781 9534 8683 1095 7505 5533 12234 2332 9231 4755 832 5693 4816 8933 5751 6173 10294 6673 3529 11218 10866 6226 1278 9314 10707 9834 9868 1980 3040 6854 4724 4697 1935 1312 4228 2536 6665
16400 8754 21887 14982 11998 12507 17997 21943 8798 2608 23050 1836 11076 19720 8020 17905 15786 7735 6938 2475 8304 23141 3711 11872 19098 21272 12629 17490 7402 15830 25198 18893 9841 14128 27831 20552 20650 11414 25850 5890
14025 35121 40060 67770 44507 63853 19608 57359 35061 71238 25373 53386 36039 9587 35039 42968 65477 39250 44075 63521 46701 7582 71145 54726 20336 16459 50514 64181 58967 60385 20996 3157 37047 40458 16155 7754 12391 30684 14123 51472
44267 25192 89210 75376 23279 58873 60464 100423 34470 35198 67217 30770 41443 61326 13202 66383 77711 28874 18648 21017 37555 68186 33618 37734 57493 78112 30081 53467 23332 42941 83576 67700 11928 57853 84640 68712 70359 42238 87746 24403
14765 62179 74500 94212 66082 112055 48475 86246 58247 100657 56116 82098 73127 33458 58431 71163 110329 67469 61303 90973 89001 15949 95320 75352 15722 44082 67317 80368 66082 69820 47126 13995 47747 77402 25047 30945 40918 54409 36133 83099
33358 20112 42515 31803 28021 20531 32157 40949 18944 5250 40701 3996 22015 40758 19423 37210 30610 14644 14456 8926 12901 44213 10367 27369 45876 42541 24855 32366 22291 29393 50088 45660 19201 28864 48041 39436 44395 24476 42356 12758
15530 4910 22543 24052 19412 26301 11386 27054 5339 27257 17101 18938 7307 14000 7905 19670 23448 7548 6925 21816 13036 19670 26382 27687 24464 19236 20427 29945 23924 26459 20877 18266 9075 12967 28781 18379 19169 4816 22819 10345
50398 31702 13251 29837 70094 37086 17066 29687 24389 61270 19624 44788 19112 32909 35079 9413 30918 28695 36171 55869 28769 46877 60912 73143 56231 24981 72491 91302 66155 81131 29951 43251 48730 3571 57389 34776 32420 18369 41445 34122
51428 31651 18612 12568 70237 25519 32130 24726 28961 63003 35340 43454 21967 44774 46331 12233 12375 33390 35349 54038 28550 57453 61513 86027 68816 40689 63670 86452 71090 78117 46829 50205 50631 13060 70821 55123 43110 23772 51759 32797
45589 31502 10086 12089 53991 21190 24027 6384 25668 44550 20875 35462 26705 31420 33491 13740 12780 31103 34595 44205 28720 46591 50390 61678 48879 30259 53071 61704 55520 57806 29478 39810 42091 17423 40936 34948 30008 25995 32742 31705
33038 13239 58227 57394 37375 66339 28125 73582 15846 58053 45161 46130 22559 35775 13482 54383 63511 20801 16574 38898 32453 52000 47687 59897 46164 46445 40845 66491 45915 52558 53479 38135 14816 39448 66185 41621 40620 17828 54059 25600
7992 12309 12215 15613 17504 21298 5648 14991 11988 20060 6140 17674 11451 3501 14778 10207 15452 12585 14455 18991 16618 4275 22702 21435 10597 3386 18404 18737 19575 18441 2576 4590 12931 9972 4119 2086 2125 10192 709 16244
8224 5277 17341 17092 5324 15163 11728 22056 6691 11123 14825 7593 9047 11382 2490 14812 17625 6153 3912 6463 8701 15045 8372 9631 12008 16148 5402 10387 5925 8729 17473 12712 972 11530 17175 15084 15778 8694 15402 6734
41625 69825 76469 99755 90253 99368 48651 83364 67504 119424 52733 93518 77893 35717 76845 71128 110533 84522 76406 103413 94696 16283 117446 109853 38633 34124 94685 99801 100843 100034 31746 26957 64111 68427 4342 22618 27319 63174 21591 84127
28763 17133 60225 60490 16354 46468 36443 64424 19935 32467 46822 30259 29762 34810 8932 52204 61735 19016 15213 24663 29863 44601 30779 30532 36732 47878 18054 35101 19795 28603 44620 34856 1579 38085 58210 44019 44623 26361 47037 23107
46596 26618 49417 39819 33354 24029 44247 55533 24338 8113 53762 7565 30503 49260 22320 44481 33882 22523 24037 13906 18292 55756 13491 37165 51110 54696 32815 41263 25784 46981 54850 59336 26739 34708 68537 62410 56443 28073 58083 16969
92899 53535 95842 70526 67550 43674 79816 97011 51096 10957 95429 17552 54358 105366 45468 88063 62230 40039 48593 23565 39864 115200 27164 70161 109483 105075 63392 80372 45602 75859 122564 104992 52663 66748 131571 113862 107255 63015 111820 36112
46266 29415 81430 74519 18773 64285 67169 93540 39801 36571 86513 26889 41181 64580 19035 83594 69716 36483 28703 17140 38889 77165 26075 28202 51827 76478 20990 37572 8937 34218 76326 66440 17752 65391 92580 75362 81613 42712 78007 28732
58675 49050 9169 36008 68346 44146 22464 17107 41413 77098 12873 58729 34111 29847 56341 12693 38574 45240 52481 75872 43169 49768 79941 82481 60898 24929 73753 84377 72046 81029 28582 41545 55630 21602 49391 36829 29274 33108 33036 47290
20610 13782 4764 12715 26942 19971 7800 11261 13186 29375 6128 23767 10383 11532 17825 3608 13500 14147 16479 27104 15932 19708 32359 35297 26093 10641 33055 34142 30106 33660 13009 18953 19152 3596 22600 16368 12113 10272 16919 16053
26422 11898 21706 17751 24498 8561 24921 28843 11932 11147 24133 6644 14035 24335 14449 23897 16533 9715 12370 10821 6867 30320 13101 26947 32616 29092 22474 31230 19232 25758 29649 31507 18276 17180 37605 33073 28047 13598 35969 7141
1931 12632 24396 28669 14950 32263 12241 31261 16216 28434 20607 22693 15838 11054 12081 24010 26781 15045 14816 21540 20726 9043 21513 20391 5298 16937 14812 18945 15493 17436 16638 7532 10942 19252 14091 11041 15446 15593 15292 20000
16709 26499 54042 52580 14619 54832 33336 57891 27380 40147 43946 36647 31284 28540 20319 46268 49551 28158 23562 32198 41186 24624 34643 17982 15204 39408 13895 18497 18396 14251 41928 24966 16418 44032 35905 31742 39058 27657 36665 29245
31578 20627 64024 54826 11267 53683 47665 68396 28302 32272 53494 22117 34851 46764 12435 53541 57852 27352 19180 19110 28652 50452 20700 20838 39552 56819 13442 28724 9440 25646 52543 45699 10859 49507 58821 55605 58212 29412 59608 22239
4723 1979 4251 2938 2969 1770 4214 4916 2301 974 4103 638 2441 4009 2056 3384 2736 1587 1705 1513 1242 5202 1433 3670 4473 4986 3702 4629 2421 3987 4994 5232 2613 2959 6539 4563 5202 2842 5088 1192
99103 53196 76541 52941 78503 33657 80151 97725 57965 28130 94977 27711 48893 88661 57815 76054 55232 49040 44162 39961 32295 110107 45415 75220 96789 103532 74546 103742 62429 79928 111988 110875 64841 69034 122426 103846 107414 58971 111833 39070
268 9350 14897 19338 9753 16492 7555 16289 9667 16658 11209 13314 11053 5819 7446 13401 16448 11156 9147 12153 11464 5270 14704 12057 3082 9046 9822 11313 12142 12152 8529 3023 7595 11871 6962 5924 7445 8670 7945 11227
11897 8917 7761 14971 21911 17331 1636 12417 7399 23932 4640 19076 7253 5537 10740 7210 13112 9407 11449 19674 11841 10577 20040 22096 15540 5351 18643 25546 20462 23177 6625 11011 11576 5825 15813 8777 7837 5447 9831 11501
53895 37815 78852 71361 15525 68585 67370 82941 46164 30334 73495 31521 43726 60732 25894 73269 73947 37730 32722 17239 48178 67188 19086 16184 48966 71516 15338 27633 4437 22152 75731 57438 23469 59038 72167 62403 75942 49810 68595 36815
91913 46022 54776 24476 82543 1565 68521 57546 43819 51478 72861 42481 41233 76795 55834 51182 21704 35989 46965 57158 29827 106133 68817 91336 109399 84908 77709 115103 81280 100069 87343 88169 64500 42794 117710 86632 81721 47009 92268 34889
72919 31599 50712 35568 65213 17762 63046 70485 26913 33306 62569 20760 26625 61882 37603 54647 36329 25083 31677 38842 12566 92307 39741 78734 93343 66989 66117 88549 50275 78756 83227 70965 42022 39064 103692 82634 79280 34743 78633 17687
65740 33915 67831 66821 36958 43605 64420 96890 41360 10648 79493 10293 45989 63706 30963 64615 64931 32867 28091 3972 34605 73287 7573 43258 63041 70512 37512 57253 26296 51348 85600 68612 28300 52286 93282 73227 83359 45421 90383 24567
18826 19907 43394 47331 6390 43590 33463 47231 24252 25973 40850 28553 25474 31093 17504 41452 46266 23893 20261 23643 29467 29256 21031 11278 17295 35493 5031 13850 11819 9811 38790 26403 13095 34250 31595 28756 34309 26299 38701 25128
694 1940 2251 2757 2219 3050 1168 2668 2013 3189 1442 2831 2067 849 1979 2421 2777 2155 1866 3156 2513 129 3109 2815 758 1037 2054 2629 2733 2433 979 392 1907 1978 442 641 774 1584 855 2446
11739 6354 5383 7763 16094 9049 5662 8904 5331 15937 7101 10745 2762 8214 9870 4066 6596 6526 7408 13338 6389 14686 16745 18147 17950 8716 15258 20336 14740 21154 9510 11157 10178 1020 15440 10395 10449 3460 10990 7799
60188 39491 6105 32219 81035 47879 24202 21654 36283 77030 20999 64353 28350 40891 50895 1742 31704 37192 45308 66317 44668 60484 85495 86686 67667 32109 81333 94949 85318 102560 37175 56382 64125 12239 66507 41851 44269 33140 48478 49894
7135 3869 3214 1410 7596 817 4442 4497 3445 4948 4887 3577 2625 5250 4469 2938 1064 3084 4116 5434 2171 7588 5903 7618 8590 5740 7913 8331 5955 9607 6528 6991 5189 2683 8918 6591 6847 3645 6609 3020
23970 18270 57415 60394 24253 52933 32472 79547 22695 41685 48123 32280 30839 34486 9613 59662 55280 21440 16048 31839 33051 39354 38258 34497 32208 50086 24572 40773 23601 31813 48498 31455 3626 42798 51959 44919 50126 23710 55160 27174
3301 1337 2703 3323 4055 3391 1813 4139 810 5067 2563 3126 542 2540 1839 2395 3520 1307 1701 4047 1873 4067 4767 5486 4143 2775 4761 6230 4593 5628 3267 3564 2713 1215 4848 3324 3464 226 3990 1796
41116 24410 22740 6154 52105 6563 28591 25547 20590 31029 31563 28025 19431 37055 30459 21622 4921 23563 26048 30903 17044 47746 41860 58934 59499 37317 50301 56665 42781 51913 38572 49365 33689 15806 56079 46344 39124 20358 43770 21901
634 1582 3079 3296 922 2790 1626 2974 1668 2488 2445 2139 1732 1699 1197 2413 2933 1815 1591 1803 2208 1414 2088 1261 722 1871 960 1314 1302 1182 1920 1338 900 2225 1796 1657 1887 1746 2012 1912
23280 13963 35573 36602 8429 28473 27808 46279 18420 17456 35529 12812 21209 28023 8515 35236 36607 15300 11828 10282 19161 28960 12860 12313 23679 36706 8966 16508 5613 13774 36809 26021 7190 26150 37509 33811 31430 19148 34485 15628
42611 12940 40486 30704 37096 23713 35578 51272 12262 27220 47903 15433 14795 46690 18507 37476 29660 8762 12438 26033 3080 52664 27946 52611 59725 51516 37368 56415 34132 57303 54434 51322 26114 27502 64725 49055 44820 18973 54937 4255
12543 17260 31865 38492 33079 43812 12051 43755 19693 40636 18674 36922 20330 9602 21708 24937 40112 24470 22568 36633 31450 16054 41115 44340 18914 17966 35362 44548 31917 35910 18803 9806 19778 23553 22848 12534 15467 13614 19185 25600
4031 4286 3459 5505 7622 6510 834 4901 4261 7978 1236 6937 3696 1142 4639 3317 6262 4763 4982 7907 4765 2984 8451 8979 4614 886 7702 9709 7510 8906 1278 2491 5005 2688 3981 1765 1341 3180 1840 5050
28413 24977 30313 41980 47289 51480 3046 40675 20249 59000 17991 42333 19943 12510 28365 25501 40030 28418 26762 53001 31302 25326 63749 63599 37263 14766 53094 67264 54604 64073 18590 24260 34457 19467 40085 19112 17950 15965 22637 36527
21975 23482 40437 42480 8830 42468 30425 50299 27672 25869 40576 26240 31729 31393 21742 38532 44672 26262 23622 18185 32973 31991 19194 5838 21839 34314 9152 1608 11564 3453 37881 30299 18843 37181 35566 29483 32224 31363 36449 27835
66353 35583 62851 61146 40372 40008 61007 75290 39991 3104 67904 9002 40985 64778 26560 57253 51071 30207 31010 10275 26991 82657 9054 38167 64515 65806 39532 53484 25628 50200 75313 68505 32539 47432 91360 78590 71787 38401 83474 26255
80742 56342 18271 17317 92704 38575 43570 16586 50216 76658 37222 64682 40359 53285 67114 15079 18951 54402 52437 83907 43844 82115 87454 116800 100378 52777 91319 106709 89124 109238 59520 68873 74567 25583 92116 70611 55362 42434 67824 50558
41469 60093 109998 96493 17660 93671 73360 118274 62271 60537 82275 53960 73695 73289 48474 97698 94727 66724 48401 45832 65023 62505 52258 17449 37803 76017 14419 10159 29145 6947 83749 63883 40921 75878 71997 78993 78174 66050 77621 66869
5515 9224 19577 25685 12017 22871 9261 22645 8877 19307 14273 17005 10621 9525 7664 17865 20645 10955 10064 15952 15428 11704 20808 18262 8853 11749 11833 19482 13410 15565 15764 7851 6993 13734 16348 10685 13478 9586 12588 13824
20438 10364 9642 3583 22407 4187 13230 11698 7453 14534 14291 11669 6902 14343 12437 8045 2956 7616 9403 13174 5768 21693 16857 24672 24961 15422 18735 26463 18127 22630 17362 21103 13954 6309 21983 19000 18404 9116 20592 9208
20287 19728 60114 57448 20163 53500 36080 77332 22127 41844 45911 34480 31659 37725 13542 54833 59452 25643 19306 30722 36588 41841 43745 36770 33261 42848 24697 41478 24522 33292 50607 31317 7593 37992 53141 42134 40882 28162 46502 28850
66080 53383 7701 36026 84703 53257 37571 9028 48379 86885 25908 77259 42539 40806 57294 11002 31784 46805 64577 89217 49557 65746 90450 115197 75552 38729 82098 118706 87440 95972 34120 53127 69584 25938 71822 52599 44800 44100 43241 53943
10769 5492 13341 11005 6025 9596 12077 16082 5731 2549 14939 2085 7778 12953 4443 13374 11319 4739 4574 276 6118 15102 1829 7131 12182 12894 5948 8976 3695 7770 14611 13326 5287 10596 18046 13102 12925 8052 15285 4593
20369 9059 12915 5953 20925 2170 16070 15507 9358 13731 17686 8932 7378 18899 12660 11622 6526 7461 10532 12125 5193 23561 14478 24293 22463 19134 22226 27624 20198 25527 18833 21479 14092 9648 24413 21266 21654 10750 24604 6779
8861 12151 11589 17853 20174 21599 2454 15356 11149 25060 6190 21346 10627 1425 14760 10325 21447 14583 12893 23880 17082 8860 25883 22806 14934 3727 19754 28457 23942 22686 4910 6766 14681 10535 12242 4843 3971 8776 5648 16046
22413 57670 55689 77402 62205 86333 30433 64529 46608 80875 33427 81345 59387 19529 53680 59934 79891 57001 61523 78237 68853 6208 91644 70224 25389 23601 58625 69058 64021 61875 21643 13955 47598 49729 4233 14225 17495 45492 13987 58351
3103 11068 18837 24620 14352 24136 9932 25306 13034 24735 14796 21903 13528 6116 10350 16900 24902 13498 12100 18775 18304 7870 23316 17854 7849 11221 16529 19066 18591 17710 11165 4742 10670 14509 12223 8259 10835 10703 10261 15320
21415 37483 72189 77884 19692 82329 45390 89309 46196 63497 62901 55415 48143 40887 29852 71630 75498 49196 38079 43406 59973 36017 54742 31990 17219 49227 21732 30380 33532 27801 56505 29474 22849 56918 48988 41307 44539 41422 50562 45269
57812 69240 108775 127811 17436 101301 97820 135112 77504 64636 96734 70136 76966 76744 54896 102471 123706 73707 57121 52607 76121 86085 59260 16227 50775 99986 16029 8790 31264 3431 104944 76344 49418 99944 91272 86429 99635 73111 92842 75437
43724 27195 73657 72473 19726 63304 52843 96404 34245 35086 69539 27850 40511 56753 14242 72112 70768 25407 21087 17771 35913 59968 25885 29038 54119 74843 22404 41714 14492 37610 71136 54964 14342 59196 84208 65498 74749 36566 79447 23591
10684 8858 21315 22653 1520 17422 14229 27401 10483 11540 19003 9115 12077 15056 6670 19640 22875 10957 9094 7712 12207 15989 7422 4887 12904 20157 1881 7580 2488 4827 18849 13399 4793 18617 19251 17920 19884 13239 17555 9902
40428 23177 11074 21552 50971 31988 13737 23515 19596 45503 15553 42520 13906 21106 31512 9390 22547 24407 28753 43667 23532 34333 54919 58918 48837 23690 51019 63871 55790 61093 27194 33293 36955 3159 39493 26886 26379 12832 33843 27020
7472 18545 22775 34229 22541 33196 8766 28285 16425 37139 15489 28551 17623 4664 15981 21461 27992 19860 19082 28817 22504 6788 32940 29479 13975 10819 22182 32593 29394 28441 11707 4037 15430 17709 11895 5247 8409 13088 9136 21992
81240 50030 26938 8974 93375 32151 56736 34156 42379 76346 47913 72041 34885 65565 72999 25279 9462 54359 63296 78872 38367 96406 89748 105017 116706 67651 110276 140048 88091 112864 69815 90730 73701 29519 110490 77095 74535 48009 83341 51651
76016 37621 73659 50232 68614 30637 70092 77314 39809 25309 80481 20629 46579 81132 39329 65272 44785 33400 38697 32654 25633 104162 35750 67805 98668 95734 66455 74443 53753 73927 92239 97575 47377 56429 121971 94771 85788 51513 95142 25253
37743 21881 13540 3723 38737 10032 19276 15938 16053 33333 22285 25035 13722 26523 24264 10858 3073 18845 21885 33087 13865 38995 35283 45179 42609 27111 42341 52582 39013 47641 32300 34864 30123 11290 38510 30035 27117 16301 30266 17972
55421 20181 38996 28105 52061 18901 37582 49823 17133 35589 46368 18773 14891 43227 26490 33691 22300 14137 18515 29035 3972 63276 38730 59857 67552 46521 45632 65337 46508 66385 51635 55790 36382 25893 76690 54846 56927 23272 61422 12007
5896 6712 3959 7789 10598 10746 1736 5815 6528 11728 800 10117 5489 2600 7951 3572 7293 6816 7898 12638 8496 5637 13571 13989 7497 1291 10434 14357 11361 14333 1848 5284 8640 3862 6396 3399 2265 4642 2978 8581
36990 20874 40201 31710 23618 22801 36611 43346 23318 3132 36491 8271 23552 40240 19909 36624 29666 20241 17316 9546 15351 39425 8875 24207 37480 46374 26985 29206 19605 29667 48810 39189 21648 29627 45663 43706 44946 27802 45250 16913
9881 4773 17002 17809 6226 15070 11140 19804 6391 11346 15081 9463 7988 10728 1864 16890 16327 5525 4093 7594 7851 14001 10682 9912 12040 15345 6912 13913 7531 11078 17108 11628 608 12082 16345 13983 13631 7128 14942 6328

92219 97512 80844 39020 42628 57014 77824 25315 2623 96258 71679 49263 82394 94246 53991 38244 46195 82098 17226 70333 34038 58018 55276 50373 14698 29726 42863 67845 52210 12705 112259 17700 31336 18004 45537 87692 71171 101194 82437 64184
2660 4363 8549 10003 5026 8869 4865 7160 10632 8140 8179 8566 1167 3564 5970 6920 5653 3599 9651 8660 7614 5348 8308 2628 12699 6768 10354 8181 4201 9391 5108 7307 8369 12158 8733 1609 4231 4611 7401 8880
31257 13810 30353 49398 28365 33524 49035 44656 55599 24598 60760 58976 13236 6314 46869 52767 49781 3136 49328 37772 47661 21091 61296 20225 70136 44151 62857 29661 18254 59289 38760 50668 63315 74305 45511 18569 11454 32662 65508 30445
18423 18823 19497 11981 6165 13973 17161 3193 8135 23882 14537 13834 13608 19032 11572 8564 8544 14734 7494 18019 7460 9008 13532 8296 14132 5123 12605 15138 7326 7651 24205 3703 9693 13966 13801 16658 10576 22245 22929 16203
60756 79757 91699 59529 47630 81852 58958 32990 28102 94800 32299 15976 61157 70854 24916 9426 18033 65413 17024 75148 6849 50426 19538 44456 49380 10664 9687 70418 46208 21160 101753 29932 462 50797 76384 71748 59487 92501 52984 73193
23612 26416 30867 24139 9610 27588 30039 18335 26942 29826 32281 30729 12859 21941 24209 21810 20673 13909 23121 29825 23011 9788 26782 4666 35630 22563 33694 24212 3624 28700 38763 19456 24875 36842 23899 22934 11480 31416 39325 28682
17898 2670 33843 40757 25505 34788 28943 40982 53180 28366 40634 51577 11101 5810 35328 39664 37323 10636 40568 36287 40194 25189 43352 19816 55266 35593 49168 30405 23622 43589 16578 40814 47754 61356 40144 8179 19897 15301 42765 34782
33030 63518 66708 57482 49801 61351 25627 36431 43939 78001 5090 13248 41513 56329 14400 22449 21451 50735 34995 71409 21955 51511 13029 35577 51040 25892 21472 69811 44486 38082 61636 41814 22610 50676 61046 44065 46299 44058 13466 65844
1103 1773 2013 1145 933 1535 881 680 686 1793 649 405 1039 1611 436 75 203 1413 412 1573 73 967 403 765 1039 144 368 1336 889 470 2058 610 212 1171 1304 1302 1149 1418 1023 1711
228 2930 7299 6950 4362 6521 1322 5523 6342 5805 4062 4356 2099 3330 3495 4236 3322 3366 5166 5970 4345 4573 4009 2689 7281 4437 4986 6825 3691 6107 2384 4913 4979 8447 6196 1617 4030 1380 3360 5977
11355 9225 8036 5689 1200 5365 11924 4827 9561 8436 12384 13000 5528 6243 10802 9066 9237 5003 9865 5806 10317 144 12779 4013 10602 8808 12445 4481 2118 9709 15041 6773 9980 11818 5524 8135 2077 13176 16232 5512
38946 31934 32568 21161 5212 22265 44950 22097 32934 30385 46217 44345 23321 23230 46312 35034 31063 18863 31517 22238 33563 356 49564 15185 37216 30294 44868 18488 6483 37649 57925 22383 39933 48915 20393 33062 7615 50412 63096 19151
48171 41998 43675 13689 14965 22442 37447 5380 9142 39490 36040 30036 30372 39557 32594 23487 22741 33960 13134 27025 23089 20335 28209 24957 12386 16542 25698 24461 19486 10756 61044 4417 22420 18566 16412 45144 26587 49474 49219 25072
21364 33761 48180 30250 20995 38198 17721 17450 23428 39469 18784 16910 18309 29857 10308 9965 5222 26090 17986 35839 10571 20969 12336 10530 31376 11402 17644 36765 15384 19910 38551 17668 15278 32890 33140 25796 24060 31639 22717 37931
27122 41976 42307 33322 27154 36343 20425 20747 18343 42428 9484 1329 30067 34865 9570 5980 8924 35940 12675 41307 6572 29320 4245 20629 28813 9047 3690 36907 24375 15303 41538 17544 4886 25766 34193 30805 29336 33940 18562 40414
4740 7979 12479 8128 6083 10434 2976 5444 6410 12037 1948 2538 5749 8210 333 2609 1446 6514 4483 11070 2381 6551 1476 3935 8646 3563 3521 10603 6115 5805 8468 6292 2949 8184 9675 6121 7002 7051 3711 10740
29132 20318 5161 25198 18981 12949 36642 25769 32595 3397 43054 47168 20497 15678 42088 40643 32670 13714 36978 10676 41322 16172 40876 25109 36583 32922 44871 12676 19315 34750 35945 30873 43759 40639 20615 22588 12211 30347 44828 9526
41173 53068 52493 27707 22849 36185 34512 14428 7824 52616 27521 17767 33278 44266 24962 12026 18059 38382 3533 37559 11287 28856 16763 26992 14496 8885 11284 38093 23894 3789 61494 10503 8971 14462 29456 43762 35273 50982 36362 38833
43429 44158 53554 38502 22030 47700 32370 16871 27663 53386 34689 26026 27289 47018 22659 16045 13018 33868 18704 48487 16874 25436 28400 15321 42061 12025 27885 42452 19171 20135 59112 17809 21717 43567 44114 38625 31934 48844 49667 48034
56434 50930 31168 10330 18935 8223 65861 28098 34115 33519 75081 64801 46561 40153 58322 51157 47200 35549 43636 11612 48613 22205 55259 35094 31066 41848 53755 9241 24981 39318 76065 29570 52996 39239 1948 56424 25257 64766 87598 14528
4003 2601 9865 11721 8442 11793 6453 10622 14380 8296 9969 12944 4210 3492 9010 10833 9469 4485 13530 9405 10415 7617 10812 6210 15299 11617 12629 11116 7645 12776 1858 11631 12194 16065 12739 2867 7116 2846 9644 9211
47277 24472 9964 42320 33047 25579 52734 47708 58118 3599 76145 67025 28257 18110 61146 60930 52345 17701 51488 23585 61339 26992 66640 34759 62219 54342 67499 20752 29885 55003 51137 48996 63950 72356 31460 38275 17933 42869 65734 18255
61934 23042 26137 67509 42382 49015 72462 58180 89690 19657 99915 96872 37505 17599 77629 86399 69009 20893 74693 42551 76627 38235 90638 45075 91623 81664 96202 34928 35898 75400 53987 63788 80649 93834 50886 38684 26452 55042 86951 41693
69632 78717 84006 38098 36267 52833 60083 20147 5963 81792 49498 34690 64587 77691 46726 29345 32645 57912 9704 59248 25893 45880 37922 50253 17264 19363 24678 59477 41748 6665 95614 18416 24504 20575 42129 66586 55816 79957 60818 59680
30858 15623 13244 29756 21892 25690 42009 32241 45399 8204 52400 49564 18712 11464 49298 41549 39472 11712 48262 20010 45416 19415 46180 25304 50412 37815 57321 22347 18304 48966 31279 40111 47187 53244 28454 25261 14316 32870 54138 18225
58227 78811 83337 39956 30827 52462 56019 11201 21987 79339 41772 33257 53038 60477 39269 19189 20225 51546 13450 54106 17528 33548 29500 30206 35501 9689 31208 50857 30239 13325 87573 11065 22237 44419 43702 59283 47955 81457 66804 52253
77527 70850 61108 8953 30012 27901 72852 23201 23276 64212 65575 65830 65079 71118 66418 49014 50242 57454 33952 33968 50963 32007 59190 45670 19571 40573 54617 30792 35645 31355 105284 19628 45661 31563 17052 71255 44380 93987 84461 36468
81437 54704 22456 26110 32913 6473 89493 44520 61441 31335 98262 88252 57941 44430 84610 76087 63290 41745 70749 1675 79296 28293 76181 48485 60383 68397 83396 6980 34932 62952 86465 48346 70903 63676 17535 63633 30882 84716 92963 3238
21365 33425 37076 30104 22041 31510 16550 18373 17043 36626 7495 1927 22117 31436 6433 4787 6841 26164 11109 34037 4143 26511 2907 20111 26492 7307 4821 35251 23459 11510 41052 16800 4495 24753 30724 24730 28809 32871 16442 38273
55829 43920 39430 14545 10638 27757 52991 8717 22710 43809 45058 38831 33926 41409 36851 33000 33948 34322 23166 26941 27887 15962 44699 26616 24665 26382 42531 24997 17101 24728 61751 10085 30019 34566 19160 41716 26580 60538 59658 30627
47226 23197 28906 62280 38914 45841 64907 60898 87156 19552 96545 82835 29228 14333 73394 66597 70740 15461 83239 41970 74338 33888 88593 42412 94315 65555 95753 35922 31993 69260 56516 61501 75284 90955 48636 33776 20337 55573 93992 40438
2209 3315 4038 2222 1706 2921 1976 1238 1591 3853 1102 793 2180 2735 760 172 285 2409 1056 3094 187 1891 704 1357 2261 373 810 3134 1607 1026 4032 1177 500 2599 3066 2666 2242 3102 2154 3096
12226 7689 12980 13745 6452 12525 16967 11271 19542 12427 19459 20764 5300 5241 16423 17750 13325 2136 16076 11585 17954 5793 17651 5743 20476 16381 20089 10802 4628 16111 14908 15053 20068 23843 12750 9034 2433 14829 20104 11824
40407 27739 11736 19675 16147 11074 47867 29406 40696 10345 54303 53666 25604 18358 41165 42892 36463 14425 37487 8492 38638 11139 46398 21501 36182 34565 51907 8437 17481 38936 43948 28974 43495 42272 16105 33282 11152 41235 57930 8538
51241 34333 8930 19370 22836 7155 56922 31990 38924 13361 66048 58815 32555 31915 56063 42836 43515 25404 44615 3713 44369 20664 51738 32585 36247 42001 53178 7695 24309 45172 51509 36123 50411 45583 16434 41430 19438 50199 58802 3574
29083 11442 18619 30385 22263 23229 34326 31004 48404 13027 45315 43713 13467 5520 43803 38519 37783 5571 38687 23962 44475 16485 44486 21671 47832 39218 52682 22939 15197 40170 28135 32832 43803 49655 27563 19294 9742 28696 47980 19624
8932 7246 5678 709 3062 2731 8843 2827 3304 6090 7765 7365 6297 7425 7396 5642 6317 6283 4242 3378 5615 3919 7082 5809 2494 5070 6671 3475 4234 3422 11551 2458 5308 3400 1861 8248 4923 9858 10130 3532
460 379 1486 1518 946 1368 854 1224 1925 1175 1373 1705 233 458 1169 1363 1131 482 1626 1433 1418 1001 1333 696 2175 1472 1807 1227 759 1691 620 1406 1535 2311 1504 80 754 481 1364 1376
19599 17186 14866 4111 3480 7373 20152 5526 9076 15447 22571 19128 12443 14917 15303 13975 13830 10461 11037 7988 13520 4845 15460 9561 10758 11755 16179 6612 6146 10453 26901 6399 15443 12970 5276 15771 7849 24974 22911 7647
16967 54822 98343 85534 56419 87463 8032 60057 78761 86901 40007 48117 38708 48535 26276 45628 30821 49086 57890 94060 46302 57713 38495 34642 104655 52079 57260 89842 48175 69220 53655 64440 53704 110512 90030 35091 59725 38990 35875 90921
45864 78273 99765 79694 56421 101430 26336 58898 58685 102728 7001 18501 50132 73076 8315 24863 21421 65916 41291 101615 26785 68560 13437 41912 73479 32584 28080 84393 54258 45371 79761 55608 29766 70241 93379 57839 61196 57464 20720 99076
46463 53774 60208 32962 25693 49326 37117 14978 19164 60210 24746 20230 33106 43308 22108 8042 12230 38847 9803 43591 8017 27891 19717 25804 29563 2055 17745 44725 25904 14070 67201 15043 10773 31216 44422 39271 33921 60400 37381 44131
63676 61070 62316 22072 23304 37773 58828 5804 11725 56926 45048 37631 46491 55938 40492 26585 33661 47395 13698 41898 28420 26659 36410 36659 18068 20503 35919 38424 29824 13543 81927 3697 24981 23506 29761 60706 34047 67112 62571 43804
589 550 674 393 117 420 577 194 456 679 634 589 346 495 467 357 319 349 340 525 408 190 547 169 528 311 532 406 106 402 730 242 448 588 413 495 267 652 820 468
11588 14301 17329 13155 9889 14463 8989 7442 8337 18731 2995 640 11734 14296 3378 2164 2934 12981 5300 15450 2469 12690 1111 9711 12419 4118 2065 14830 9722 5632 17837 8424 2371 12076 15902 12856 11532 15795 7915 17882
821 1267 1762 1250 762 1419 698 685 1003 1588 859 740 715 1189 534 453 310 874 822 1500 478 689 554 323 1387 472 864 1340 617 798 1339 706 699 1573 1180 962 770 1324 1035 1303
50533 57951 47113 18545 21404 34392 55445 4784 13685 59826 51472 39798 41961 49522 45302 29240 29928 42072 16720 40089 28268 25462 40877 32968 20612 22508 35703 33861 23332 15741 78058 4687 29906 23878 22585 51126 34199 66154 66515 40513
47864 66800 73606 40014 22725 59630 49375 17127 35509 75717 43178 33360 39109 48446 30602 20092 18304 45642 23024 63393 20745 30420 33058 21716 45642 14963 40107 55736 20787 27626 86812 22144 24642 53827 52884 49714 40669 68295 61846 57944
47575 45325 32330 14251 4639 18381 55964 16925 31355 36455 59160 46625 33809 32427 42398 38158 38362 28783 30088 23113 38349 8887 50535 24249 38200 28917 50944 16748 13306 32162 63720 20353 38225 41312 16857 39915 17042 63239 68282 22096
4551 4324 5047 3191 1284 3909 4763 1438 3149 5526 4569 3709 3037 3954 3192 2766 2507 2697 2940 4337 2749 1580 3977 1243 4193 2380 3955 3427 1234 2830 6972 1726 2999 5272 3642 3905 2186 5853 6066 3999
11566 18483 32752 25966 13834 29955 9585 17174 22756 31988 12113 15745 11270 16979 7541 9587 6477 15409 15082 30199 11157 16345 12141 7597 28798 12122 16571 25469 13583 16831 24686 16712 14091 26271 27641 13930 16366 18160 15862 26007
24995 28471 26033 10221 3696 13808 25488 5214 14083 21974 26910 24896 16510 21224 24355 16978 15244 15774 14898 16461 16678 7295 23498 12020 17540 12102 20093 13746 7639 14978 38885 8104 19576 23852 11403 24612 11194 31460 34079 17369
14317 23319 35405 25001 21778 29569 9059 19203 19076 33221 2790 5700 17334 24508 1790 7629 6184 20162 13240 32988 7298 19185 3265 13148 25231 11666 9453 28151 18925 14895 26722 16858 8854 27785 30660 18238 21592 23528 7751 27860
32260 16796 63691 79773 62229 76810 50443 66756 97235 52503 75030 74778 32204 23850 65258 75228 61965 31129 86500 65568 81535 50989 72765 50971 106504 82463 89469 71738 53188 85506 13152 85521 82854 96511 81966 19210 47650 18925 66613 69475
5026 16509 40668 41570 28489 37892 13868 30411 43473 33957 25638 32011 11942 16034 26459 32094 27972 18767 36941 39324 29105 26752 27629 17897 44599 33875 38728 38382 21857 34758 9214 35189 35076 46439 37523 8529 23778 3117 21601 33897
46863 34727 52025 47724 18649 42457 50574 39283 60968 43201 65343 71958 19758 28009 57885 54470 43196 14863 50448 39398 54705 14919 63468 13515 61404 45625 67961 36256 6374 56154 64833 39566 59058 69033 46376 32764 11922 61842 83518 44121
5613 10808 21512 25765 20727 26040 11368 24625 25421 23221 18650 21495 10449 12782 16785 19010 16892 14807 23875 25363 22142 19371 19949 14448 29664 22794 25914 23429 15672 23482 3236 25574 23759 32081 24441 7520 16797 1508 18218 26439
22107 70055 115005 109777 68120 95191 11355 74921 83806 101086 39389 61390 50500 61094 41247 61355 49403 72811 78121 103231 58405 78918 52887 52326 102123 61036 65470 95531 72142 79938 57124 74300 63181 115648 111780 40568 78254 33989 26208 113916
33132 66084 79309 65730 52759 81026 18287 48759 53533 74237 12777 25685 43502 53343 17179 28031 27526 51593 42636 84193 34116 64177 19225 38936 62442 41505 35469 70684 47829 50684 56243 48839 31489 68922 80112 50373 61077 43951 5124 72709
701 425 1141 1331 797 1253 1113 1137 1647 844 1616 1595 234 207 1300 1289 1284 148 1368 1084 1441 714 1387 569 1714 1356 1729 1083 559 1365 1072 1359 1377 1907 1352 401 389 897 1761 1048
13755 9463 4731 9801 5951 4987 18377 11084 16453 4161 22034 19456 7888 6527 15698 16820 16194 5165 14799 4226 14572 5201 17408 8819 14980 15486 19295 3844 7016 16397 17574 13163 17684 19123 7497 9718 3843 15512 20172 3710
30539 51048 74112 53549 35158 62251 22376 34345 44365 79944 22047 25807 33134 42741 13197 21284 11887 39887 36269 72223 22232 43551 21590 21150 56335 23787 29996 66521 35726 38679 58766 36390 28410 60821 68831 36183 45144 47569 33127 62526
13279 21373 57795 64184 46742 62035 18855 52761 59316 44185 44959 49863 23925 26859 34082 42383 42655 29946 49127 55882 49858 40674 38950 32696 69635 49781 50738 55107 40799 55803 8908 47257 51795 77106 54801 15491 39200 3826 35242 55027
32836 32568 84082 100314 82889 92765 45214 100009 97942 71509 72317 82900 44482 42364 70624 93452 72561 49863 89072 92907 91260 67311 78042 61988 122619 93950 101608 82388 68986 92129 3982 100927 101139 123083 93348 31504 61636 11464 66083 98887
31447 56193 66078 55488 39166 62803 24543 36067 34844 66063 3401 8214 42246 50263 9055 16407 16489 45667 24586 63443 16798 42283 5883 33715 47362 20263 14957 51857 42211 29654 54638 33495 17474 40647 58744 38358 45016 49709 19183 65022
70705 76794 74164 28051 31087 49120 73585 8694 15054 76620 63976 48279 63429 67636 53529 32837 40692 64454 18719 48429 34292 37643 51773 43107 27050 24771 47029 51710 38707 15737 98784 4177 34269 31626 39773 79673 51020 94526 76025 53407
76071 47352 16624 36367 26563 14283 76774 49605 64810 22043 91457 81279 49225 41944 85216 72568 74812 37892 66775 7194 67414 26343 90267 49325 65709 59700 90192 9710 32378 69835 86081 47440 83050 67169 25334 53302 25532 76945 105493 5146
38959 21351 10425 26531 20846 16926 42862 29580 40464 7047 57157 51509 22753 14769 45406 39761 37967 14389 40188 16131 44092 15709 44773 25026 42344 41866 51680 14355 17612 41955 38882 33117 50564 50433 22501 28925 11369 36005 52176 12926
4633 11567 19694 17530 12579 16596 864 12723 14021 16380 6944 9554 8625 12490 5308 8256 6018 11667 13531 19581 7822 11696 7339 7867 20008 8974 10122 18698 9685 14203 11359 13984 10502 17627 19289 7628 12469 7685 4303 19620
2039 3063 3880 2705 1847 2821 1679 1770 1395 3709 506 96 2242 2601 704 608 776 2795 1204 2795 637 2020 346 1819 1976 816 380 3125 1866 1213 3464 1718 522 1937 2819 2505 2485 2782 1470 3404
725 673 385 190 169 152 830 359 566 428 844 854 543 551 715 659 654 443 529 215 678 151 698 406 509 512 747 147 282 581 946 379 671 633 171 638 243 970 973 199
359 1197 2324 2034 1607 1931 331 1718 2049 2017 1112 1259 919 1107 972 1262 944 1128 1855 1958 1223 1372 1112 981 2508 1269 1590 1847 1227 1674 825 1688 1345 2137 2061 719 1437 527 684 2096
85374 79204 64020 7770 31897 33067 89854 23854 29490 76024 77580 70734 69272 67085 72641 52076 63009 64698 40796 40854 56325 31873 75386 53535 30344 48850 59872 32670 39802 35264 116923 23382 54024 40131 19111 78193 45251 95435 109728 42429
603 931 1435 1165 854 1200 383 935 830 1425 223 455 745 927 320 565 442 1050 812 1207 527 1035 355 807 1072 677 579 1130 873 756 856 861 532 978 1320 797 1005 853 150 1227
62530 24517 34724 71285 54705 57151 83359 75141 104308 24089 97251 99855 38785 20173 97817 101510 80786 27658 87800 54330 83278 44541 109559 52198 100003 85884 116192 49383 51679 87055 54392 77662 105975 102929 59519 42942 34626 60209 113632 47495
21963 41074 62333 50779 33469 52007 9493 37180 40988 61613 13717 19221 31084 42532 7983 18473 13428 33631 29528 52002 19638 39565 14499 25228 56270 25164 27322 48180 31756 31175 36104 34355 21343 52036 50841 29842 40828 28735 13638 53014
12883 31848 71851 82438 57789 93102 33264 75092 87755 70949 62880 66720 26758 34012 48738 73610 53856 42977 81886 92012 72931 52036 66953 41861 112238 70887 82519 81636 45341 82842 22211 80527 75084 102506 89249 13230 50985 10793 58173 81574
35627 67246 116223 82960 64043 101058 20031 60489 64378 109063 18137 29946 47918 63673 8960 30082 22961 65453 52945 95555 29838 67597 18703 44257 79497 38564 41817 83325 51001 54279 75732 53862 38819 87376 88984 55105 64575 52054 25977 86680
33260 17033 7992 25853 21966 20608 37297 31236 43875 3335 52850 44813 20207 13737 41890 44029 34629 13900 42542 15538 38250 18979 41583 22901 41272 34043 48907 15514 21777 36750 31815 34851 41077 42932 25988 22340 14636 29893 47944 15631
19800 18068 54067 68993 49277 70498 33799 58863 80784 50035 67721 68928 21547 22108 52387 64362 54761 29774 76801 62764 68110 47651 60716 36365 90003 60180 68890 63228 40892 74109 9381 72908 68357 102474 65002 14467 37297 12118 54440 65688
11630 39833 75654 63996 46195 66495 3951 46522 52242 60348 26403 34286 28779 40835 25899 35548 28743 38784 46885 64015 38993 43082 33442 26539 66033 41107 44249 69332 42381 48151 35857 46384 45595 75636 59538 25884 42337 20267 19717 71308
51373 76930 80111 52888 51409 76610 41428 36056 39012 90071 15576 6253 50913 65820 12539 8800 12644 56614 24487 71528 8187 54523 6058 41751 55642 14741 11193 67830 42635 27812 85370 37755 11243 50322 68718 57168 55453 68514 37562 70681
13558 27454 75747 64649 40333 66672 27797 50383 79264 68857 55917 64520 11927 31849 38438 49373 44228 25282 59166 60853 46130 42552 51997 19398 90263 45871 60865 56423 32080 57848 35426 55699 59033 83936 64939 11295 37223 24439 45522 60074
24800 31139 34511 22556 15831 29998 24612 7948 13175 34985 17259 14437 23406 27991 15670 7123 7001 21557 8500 27461 7707 16667 12594 11951 20609 4094 15646 25640 14136 11039 41656 8308 10219 23402 26946 28680 22559 36451 28907 31002
12145 16345 19534 14333 10493 18327 11047 7318 9461 22782 8166 6760 10866 17277 4769 2536 1545 14983 6011 17063 2662 10312 4638 6355 12813 3209 7411 18365 9460 6857 18637 7508 4810 15744 16321 14641 13048 15088 12748 18817
21003 24514 27015 19147 6765 21903 19198 10769 20483 27013 24591 24249 13920 18370 19574 13724 13597 13777 17074 22246 15981 8019 20626 5073 24461 13611 21847 18298 4547 16743 28944 12795 18959 25942 20480 19364 12264 26102 27491 23139
59876 42738 5715 41824 36152 23535 83514 59873 72107 6984 83650 86751 44606 30696 70984 76400 78018 28180 79129 19070 82503 34479 85923 44929 74662 71185 79171 19714 38145 65436 70239 59888 81921 75616 34336 53377 27231 64218 91761 16690
19402 20905 22824 12006 8155 15447 18205 3160 6233 21320 12485 9594 15050 19235 10220 6355 7050 17313 3812 18469 5663 10693 9077 9162 10691 2778 8365 14134 9651 3637 27252 3478 5893 10927 13025 17921 14230 23102 20140 16017
21800 13173 10425 17253 11408 13188 28949 19225 29176 10410 32669 34624 11503 8162 26734 29338 24801 5367 26367 12410 25042 7666 28958 14479 27646 27144 33640 9848 9502 27088 25379 21175 30834 31506 15249 15260 3719 26988 39498 10891
55246 76101 114649 81229 63696 85701 35504 53307 52875 96987 3148 17239 58545 80259 11256 22410 19754 78049 40473 90784 25840 73296 9262 47770 69250 32378 28533 97378 64663 47270 76013 54039 27109 80894 91469 69165 78778 71571 25713 92877
4687 9413 18383 20136 14984 22008 7946 17800 25000 17460 13623 18038 9254 10549 13379 16261 15112 10814 21921 21942 17224 14790 16167 10706 27556 19214 20936 19291 15132 19766 4303 18465 17142 28736 24513 5887 14871 1543 12648 18700
41552 44630 37312 7704 12524 18360 39957 9215 14759 36085 43694 35260 28653 39548 35543 24419 25156 29837 18377 21488 25797 13475 32834 24861 17063 20969 31424 20286 17222 20089 61562 10722 24861 21877 12732 39917 21176 54006 55780 19858
59846 83258 97320 55505 48711 79178 44103 30158 29862 90634 26532 12337 52654 69179 26033 8376 18323 64981 16513 83338 8866 55776 14121 39713 43939 12266 6916 77664 49868 20546 89661 27915 1993 46926 63944 69973 59230 69234 44978 76290
59629 48044 39241 2171 20700 19002 63244 16765 22155 45252 56953 51811 48511 41833 54067 38962 37378 37499 29923 22689 39134 21637 44966 34475 20713 31152 47873 20552 29932 25866 70909 17383 40903 24262 8683 48007 30680 62502 75471 23653
24066 41564 54619 43779 26313 50650 16995 30930 40877 54997 23387 24020 22071 40338 14086 18138 10457 33720 26746 51937 18713 33126 18126 15511 54655 18473 26381 50014 22479 33385 46751 31429 22488 54388 53337 26300 33575 36853 29633 52047
40247 16187 21344 40238 26873 31382 54451 40699 61878 14197 65118 74149 20639 11043 57615 57236 51225 11408 60287 29353 55221 22965 58610 31102 65822 53655 70852 26560 23263 54760 44799 53475 67175 75304 42260 29922 16244 40057 69725 25695
19526 15557 30716 31655 15067 24929 25372 20823 32702 22752 32613 36049 5628 11259 28444 29088 20932 6979 32579 27868 24665 11929 29466 6698 41215 27395 38515 25849 8640 29854 26118 25510 31590 48830 25897 11709 7926 22213 33642 25618
49515 50976 44257 14195 21387 30525 53801 12768 9628 53108 45391 34248 43083 49585 42458 28668 35074 44566 17908 29998 29587 29799 40867 30833 7611 21860 32175 27746 28502 14102 66450 11728 25727 13424 20742 49396 36459 57244 64046 28693
100394 108673 103961 38848 62127 61418 93563 36122 16256 103056 76684 60065 77996 92827 76419 52386 53367 78127 26811 76724 45320 69253 56896 72811 10463 48027 50630 70370 67995 26214 116435 29351 44652 3923 51594 95356 80130 119126 108235 71429
20828 18000 24406 26801 13837 23003 26595 24417 34061 23426 39067 35754 6172 10916 27937 28115 22502 7000 28371 27562 29716 12090 34076 6539 36059 24636 36120 22641 7012 29724 30597 23729 28176 42675 27893 13660 8399 23070 35149 25868
44175 81122 105114 77913 61003 86979 23553 54246 63481 96688 18770 23841 46324 73017 3813 22537 13804 68815 40945 98074 23512 56427 14193 34187 85720 27889 30590 91875 46159 43978 83698 45523 31087 76584 84603 49134 56186 54858 32017 87749
41493 81231 99114 85478 67551 94237 21010 54922 56474 102686 14600 25482 55257 66264 6760 27930 22363 70555 47690 93061 28484 59725 17694 39271 87709 33361 39093 79524 57957 50853 72413 51261 32793 87993 80006 48547 72376 55997 24158 88486
10833 15901 15450 8139 6727 12611 9975 3390 4069 15621 7536 5493 10666 12178 5786 2919 4228 11859 2123 12100 2895 7397 5304 7292 7088 1105 4370 11644 7222 2536 17861 3128 3333 8842 10000 13501 9919 14562 13065 13935
37506 36700 29129 9573 8402 15769 37161 8441 18088 36070 44785 38659 30442 30741 32657 27046 27347 23465 20537 18332 26182 11395 30446 19775 19853 19922 31231 16558 14030 18308 58803 9500 29268 24117 12619 37510 20234 43780 55101 18959
21375 12763 33379 43501 20063 34336 33571 33633 42784 25919 49415 46772 6336 9635 37551 40116 34362 4958 45115 36570 40187 17441 38871 13628 51066 40524 48535 33189 13928 45639 30808 37508 48395 62713 34379 13853 12797 24589 43492 29516
1264 552 1446 2069 1135 1629 1533 1885 2276 1197 2401 2774 435 224 2176 2076 1719 179 2452 1639 2073 964 2149 983 3032 2165 2899 1403 808 2292 1455 2031 2232 3126 1820 674 586 1464 2635 1513
27017 20579 14894 2643 7095 6421 29598 7959 13991 16266 24654 24848 17475 20691 22493 18356 16883 16369 13763 8880 18632 8473 20910 14913 12573 14664 19589 7364 11028 12855 35842 9225 20651 16913 3837 22650 12067 28503 35623 9934
14095 30983 74577 78808 58853 71785 29610 67981 84267 66640 53972 67510 25486 33842 51936 62456 55398 36097 78779 81686 57339 51901 55434 40336 84745 61344 74880 65077 44113 72910 14753 70678 74313 105870 85847 18628 44769 835 45708 70116
24084 14377 30783 33061 20283 33915 32357 35035 49108 27160 51096 49101 6908 7010 35304 38626 36371 3104 43678 32102 34359 18615 38885 13602 53257 35437 51428 25812 13455 43818 33083 35654 43566 56498 31911 15003 11104 26430 48733 32269
47949 70589 91847 67264 52940 84672 32727 42533 49271 90445 7184 11147 63337 71519 18055 20613 25555 60831 40236 83201 20250 65519 10693 45418 56165 27633 18005 76713 58464 41101 72438 51177 20086 55482 68314 54826 61436 59495 27360 83987
12386 21632 30130 27266 18896 31344 6711 16144 18941 35403 8188 9162 15410 19657 3234 8849 5376 21252 14344 30188 9526 19283 6759 10217 24956 11550 12499 26398 15390 17675 22546 16924 11673 27874 30762 16186 18720 20857 9621 30929
99687 75150 35152 20605 29901 3682 86582 47503 58139 45052 94235 86094 58474 61384 83823 78462 77579 50780 70651 10779 79555 29679 91762 54561 62486 71676 80917 7584 39646 58350 107536 47544 73237 71711 10810 69052 37855 92200 126838 11062
27760 31069 24635 9008 14810 15024 26570 9750 5285 23294 23627 16588 20771 24145 19988 16381 17158 24744 8904 17462 14830 15018 18923 17088 722 12404 14919 17805 17681 8204 32386 7178 14954 3538 12568 28622 18283 33732 25529 15750
49537 12212 40067 84400 49430 64464 72586 69369 96819 37580 104803 104486 33240 16676 82392 80644 77256 25178 87493 63501 81789 50149 99234 47952 100208 75333 101487 58076 45671 85240 41828 79337 88729 114734 67963 31335 41405 41466 92157 51895
12996 5838 3943 10191 7319 7145 15647 12422 14658 2796 20005 16462 6804 4634 15019 14462 13171 4536 15009 6571 15929 6222 18050 8694 17522 13750 17970 5621 7141 16244 11732 11994 17300 19131 9650 9288 4188 13587 20294 5367
17407 14688 11134 9947 2954 7485 19617 8971 15962 12409 21560 20507 10152 10949 20227 15239 16451 6792 17289 7574 15091 1170 19962 8321 17019 16135 21628 5948 3901 14102 21646 9913 16407 20960 8109 14337 3196 20597 24577 7028
12550 30430 55598 45470 36023 47164 2896 34007 44818 53692 19328 26683 23029 33704 15398 24448 18965 34389 31395 52564 24605 37209 20955 22109 47553 27156 29142 48472 28339 37481 28912 39352 28009 50624 46205 22692 37200 19259 11066 48225
37852 49081 77087 53395 35026 61847 31637 35338 45903 71817 41717 39262 25601 45009 28499 27209 17350 37094 42810 70485 29951 36928 30942 11643 60354 27233 48496 59442 24655 39306 61264 33731 40250 73625 65005 32768 39955 53185 46531 70302
35154 19734 10258 25010 15903 15967 44142 29849 39211 9320 52482 43635 20841 14118 45146 42243 37012 13297 42020 12484 36632 12720 44728 19610 39400 39869 50517 13217 15552 39234 36163 28180 42267 41946 20425 26655 10171 34254 54632 12692
92365 62321 9475 57203 53450 33759 91011 64934 85228 16344 106481 101853 59447 52909 105270 91020 87299 43255 81298 26832 102039 41154 92905 64976 79475 85485 103158 30839 59259 91334 92532 69365 87044 100157 42291 62729 46900 85301 106648 22505
78093 41098 7707 57155 52955 38590 83543 64135 91131 4169 111198 117455 49941 42469 102468 85033 89587 40885 92406 31713 94588 39163 109778 58485 83456 87409 105230 30235 50390 86042 79196 74870 104640 100188 45635 58415 39546 79378 109780 29221
6589 9073 14641 11703 6477 11131 4575 6232 9929 14660 6384 6748 6285 9675 3743 4521 2952 8313 7566 13583 4606 6588 4747 3349 13388 5274 6622 10873 6147 8543 10555 6997 6414 12562 10811 6205 7269 10093 8059 13390
20188 29491 38219 28025 20785 28482 16795 16844 18289 38519 7312 5197 20998 27292 4862 3018 2982 24599 10622 35588 3738 22673 3165 14058 25166 6439 7702 29943 20165 14287 30430 14868 5618 23156 29469 24579 25194 25241 17111 33581
3620 4923 11800 14906 11333 14114 5455 11498 13031 11007 10195 10885 6210 6853 8962 10017 9722 6969 13139 11646 9566 10308 10056 7103 16769 11075 13125 12757 9656 13729 1681 11318 12794 17735 12702 4058 8838 1095 8226 11213
11343 11115 24950 22231 14743 21648 12725 18393 28409 20270 22744 25707 2323 8893 19096 17465 16840 7438 21718 22993 19653 11512 20433 5052 34272 18099 24207 21751 8311 21822 18138 20932 21481 32283 24850 7238 10402 14923 23194 21874
9616 19875 29150 25398 16688 26598 7696 16490 19932 26716 12567 12891 11035 18611 8110 10871 6163 16504 18154 29874 10440 16218 11244 7241 27893 12535 15053 25884 12594 16201 23744 15452 14921 26732 24472 11893 15426 16642 14200 25538
6862 4976 10858 10361 5743 10088 8787 9521 13570 8246 13099 15132 2171 3224 11881 11351 9407 1551 12529 10385 11180 4452 12657 3867 15193 10792 15116 8320 3324 13269 11502 10466 11568 17974 11580 4578 3254 8762 15554 10101
12972 7661 1060 8355 7757 5172 14004 9971 14235 881 15902 17869 8606 6663 14780 14768 14161 5742 13887 4573 13542 6748 17574 9175 14763 14887 17778 4163 8001 14376 13550 12067 13834 15716 7162 9786 5653 12806 20180 3792
14066 28828 63060 73123 49039 74821 27933 56370 71043 51535 44546 59714 27707 29768 45988 52363 51022 32980 71198 66387 48491 55288 55839 34143 74419 61268 65627 64790 46065 71387 10035 58877 58987 85908 76071 20079 39632 4921 35834 61665
10815 33827 72919 56107 45690 58751 5997 47378 55524 57624 29297 40995 21368 39715 25294 33447 26035 37619 47719 71075 32815 46600 29543 23766 69163 40526 42879 57917 34062 50043 34526 42931 39904 77671 65638 22196 37285 22700 24215 68017
95819 99668 84002 40837 50785 60598 85805 28027 9632 97593 63279 52767 80806 91544 61822 44417 47148 72840 19101 67128 36978 53113 48400 59520 13000 34033 40568 60607 55743 18724 117373 24895 37135 10623 53526 94011 73715 104587 94847 66956
29096 11393 10418 30225 22151 21383 36742 29911 41411 5584 40592 42486 17816 10467 41190 35467 37254 11144 37345 17688 35255 17016 46153 20681 45556 35692 49427 19094 18181 37009 28195 33478 39431 43171 23330 19822 12296 25829 45956 15545
23881 32936 39027 30653 27086 37762 14577 20153 20053 36140 3287 4837 22894 31675 7283 9032 9189 28532 13922 32637 9459 28372 4619 21310 24634 13454 8293 31957 22446 15299 36199 19217 9984 27176 32058 24547 30387 26721 12098 34279
44924 51936 58951 34981 26241 44802 34316 16741 13828 53978 21893 12926 38713 51949 21594 7983 13019 42032 5589 49652 6960 32594 15078 27295 26615 5613 9982 44115 28899 6820 65415 15629 6036 23367 39587 42060 40434 55032 37458 44988
37527 31434 27271 11011 8903 17502 32801 5066 14430 30849 35385 29977 28375 30871 27622 21007 23790 25965 16565 19081 19046 10680 27465 16448 16664 16985 29144 16967 12939 15349 46376 6310 22027 20511 14060 33546 18873 40355 45329 20238
44462 10186 39552 57347 40440 44993 53436 59332 83645 25449 87480 78357 22728 8583 68649 68426 64522 17086 75752 41421 67403 34569 83143 40497 94052 66781 92953 46969 35900 79058 39654 58223 77425 98923 60036 25029 26344 37713 72052 39349
13785 20268 24670 18522 11915 20454 11719 11894 15096 25996 11534 13137 11015 18334 8770 7380 4254 15481 11165 21214 8061 13700 9269 5480 20936 8255 14284 19461 8263 12996 21658 10529 9885 23049 22045 12904 14737 18220 15629 21310
35255 32766 25915 5672 12495 13604 35772 10268 7673 24670 26849 22036 25881 27868 27591 19228 20076 27012 11829 18160 21143 15876 22802 20379 5452 14744 21621 16363 16680 12719 44624 9083 17496 8344 10574 30151 20956 37450 37094 17063
29453 15962 24456 39405 19476 30800 38746 37297 50685 21337 51339 53640 15608 7350 48998 40746 36622 4806 45876 29591 48528 17101 53566 19050 61467 44740 56498 23485 18205 43543 40146 35456 46964 55075 30327 20457 9760 36748 60191 27922
70288 68452 55193 6748 19397 26264 77892 18414 26122 49084 63994 58377 54928 50760 58113 48928 45901 47026 31236 32307 47123 25788 60850 42262 30304 34778 49518 27939 32013 28465 88100 18574 48505 36106 16052 64649 34197 84600 80226 32015
7209 9484 32303 36891 25443 33411 14710 30664 36606 23686 26655 31150 9159 12205 21758 28782 22076 13718 33456 28687 29794 20316 28178 17036 37022 27646 32441 26248 19058 32914 7940 27640 30895 47887 36083 4008 17906 5755 23884 32494
53085 47965 32144 1591 18544 13450 48706 17648 21707 34816 55230 42411 38550 41002 46632 34954 38061 36557 27658 20218 38319 20881 41881 32942 21676 27955 44761 15209 23204 24504 66244 18490 38314 26800 6444 43375 25121 59316 68263 18889
9270 23169 42042 38870 24809 42284 7113 28659 32208 43534 18549 23117 14341 25296 12117 18221 13982 24614 26103 41970 18450 23772 18843 13748 44139 20665 26147 39167 18248 32842 26023 28622 25721 40722 37972 15691 25120 19663 19667 37374
19757 31214 38746 27192 26321 33133 12695 20079 23988 34578 5155 9662 23251 25601 8134 11755 11596 27629 18899 33894 14612 27113 8273 20371 29765 16008 12176 30915 21179 19235 24845 23340 12649 26116 35510 21488 26882 24557 5742 37807
34268 66265 108347 78603 51339 95658 16147 50882 67271 90301 25328 38824 39505 68217 13568 29422 18226 55249 54646 91899 31480 53513 25161 36643 88668 39609 41593 78071 46175 56804 67493 58272 36278 82846 92856 47899 54961 54792 28602 87286
43471 9304 44951 79199 51969 53765 64570 71757 93573 31062 96714 90910 28420 13076 72400 74095 73437 25633 92404 57756 72714 50605 77866 50298 99030 70164 104712 58086 42831 85108 36001 82834 79162 99585 65849 33135 33294 44226 88760 56338
16492 30498 42584 31484 19756 32807 15354 18018 22355 39714 16484 16935 16089 23419 9925 9701 5544 24356 19018 34054 10450 18857 12114 10711 28413 11851 17732 34829 16384 19353 32699 18651 14571 33519 31626 22329 23530 24957 20422 36553
6170 18602 38404 30892 27405 33563 4942 26095 33604 35938 17201 22700 16691 19061 14983 21867 18440 20245 28697 36933 19782 26946 18812 14982 34785 21813 24304 30663 19228 29893 15979 26936 21000 36504 34580 12552 24117 9616 9910 32114
623 1240 1683 1426 898 1724 455 961 1291 1543 744 777 709 1079 402 531 387 1024 990 1762 557 939 640 512 1686 666 856 1511 703 1036 1416 884 744 1549 1580 742 1080 960 768 1469
20604 33949 73303 83373 58656 82105 35331 73570 87972 63843 58624 76659 33429 40230 53571 65989 61180 39109 84276 80598 68770 53183 68008 47443 97671 72936 68436 77008 49264 70631 6879 76504 69813 89986 73721 24741 47076 8635 48047 71832

2141200 2107403 1840969 2217151 2164343 2158091 2223692 2113995 1669402 1846084 1485698 1628333 1686024 2244889 1948452 1536462 1853838 1986043 2155053 1435703 1740862 1830706 1687608 1666265 2237235 1566314 2061436 1592113 2110304 1479013 1723130 1888824 1559456 1402362 1479901 1459359 1898083 1859829 2013552 1909519

627041 898636 832139 562322 828106 763634 572864 707992 855928 646279 867793 563152 567855 637481 734775 746804 792271 779890 750467 827549 761326 610945 588964 654736 870827 893012 738828 848277 807252 757697 668906 771280 876675 753898 886720 869429 568447 641454 844624 841235
